student_id,term_date,course_code,grade,credits,pass_fail
S1000,2024-03-21,CSE101,69.05,4,1
S1000,2024-09-17,MTH101,90.63,4,1
S1000,2025-03-16,PHY101,78.68,4,1
S1000,2025-09-12,ENG101,61.61,4,1
S1001,2024-03-21,CSE101,75.53,4,1
S1001,2024-09-17,MTH101,76.54,4,1
S1001,2025-03-16,PHY101,56.12,4,1
S1001,2025-09-12,ENG101,52.95,4,1
S1002,2024-03-21,CSE101,51.74,4,1
S1002,2024-09-17,MTH101,47.42,4,1
S1002,2025-03-16,PHY101,56.38,4,1
S1002,2025-09-12,ENG101,64.73,4,1
S1003,2024-03-21,CSE101,62.61,4,1
S1003,2024-09-17,MTH101,51.91,4,1
S1003,2025-03-16,PHY101,64.27,4,1
S1003,2025-09-12,ENG101,81.42,4,1
S1004,2024-03-21,CSE101,41.66,4,1
S1004,2024-09-17,MTH101,77.86,4,1
S1004,2025-03-16,PHY101,52.67,4,1
S1004,2025-09-12,ENG101,78.36,4,1
S1005,2024-03-21,CSE101,70.14,4,1
S1005,2024-09-17,MTH101,59.6,4,1
S1005,2025-03-16,PHY101,69.67,4,1
S1005,2025-09-12,ENG101,66.79,4,1
S1006,2024-03-21,CSE101,64.08,4,1
S1006,2024-09-17,MTH101,71.05,4,1
S1006,2025-03-16,PHY101,70.98,4,1
S1006,2025-09-12,ENG101,66.8,4,1
S1007,2024-03-21,CSE101,90.76,4,1
S1007,2024-09-17,MTH101,94.13,4,1
S1007,2025-03-16,PHY101,95.39,4,1
S1007,2025-09-12,ENG101,60.86,4,1
S1008,2024-03-21,CSE101,71.42,4,1
S1008,2024-09-17,MTH101,48.26,4,1
S1008,2025-03-16,PHY101,69.43,4,1
S1008,2025-09-12,ENG101,57.77,4,1
S1009,2024-03-21,CSE101,54.52,4,1
S1009,2024-09-17,MTH101,66.69,4,1
S1009,2025-03-16,PHY101,67.7,4,1
S1009,2025-09-12,ENG101,53.16,4,1
S1010,2024-03-21,CSE101,69.69,4,1
S1010,2024-09-17,MTH101,69.88,4,1
S1010,2025-03-16,PHY101,62.83,4,1
S1010,2025-09-12,ENG101,82.14,4,1
S1011,2024-03-21,CSE101,60.45,4,1
S1011,2024-09-17,MTH101,56.64,4,1
S1011,2025-03-16,PHY101,65.07,4,1
S1011,2025-09-12,ENG101,62.21,4,1
S1012,2024-03-21,CSE101,61.42,4,1
S1012,2024-09-17,MTH101,53.35,4,1
S1012,2025-03-16,PHY101,81.94,4,1
S1012,2025-09-12,ENG101,79.95,4,1
S1013,2024-03-21,CSE101,86.9,4,1
S1013,2024-09-17,MTH101,74.94,4,1
S1013,2025-03-16,PHY101,91.66,4,1
S1013,2025-09-12,ENG101,88.64,4,1
S1014,2024-03-21,CSE101,60.04,4,1
S1014,2024-09-17,MTH101,67.82,4,1
S1014,2025-03-16,PHY101,72.46,4,1
S1014,2025-09-12,ENG101,55.5,4,1
S1015,2024-03-21,CSE101,60.47,4,1
S1015,2024-09-17,MTH101,83.66,4,1
S1015,2025-03-16,PHY101,48.26,4,1
S1015,2025-09-12,ENG101,55.16,4,1
S1016,2024-03-21,CSE101,76.36,4,1
S1016,2024-09-17,MTH101,60.8,4,1
S1016,2025-03-16,PHY101,41.32,4,1
S1016,2025-09-12,ENG101,77.07,4,1
S1017,2024-03-21,CSE101,58.52,4,1
S1017,2024-09-17,MTH101,59.14,4,1
S1017,2025-03-16,PHY101,68.9,4,1
S1017,2025-09-12,ENG101,77.16,4,1
S1018,2024-03-21,CSE101,54.11,4,1
S1018,2024-09-17,MTH101,54.96,4,1
S1018,2025-03-16,PHY101,72.0,4,1
S1018,2025-09-12,ENG101,56.66,4,1
S1019,2024-03-21,CSE101,76.79,4,1
S1019,2024-09-17,MTH101,67.75,4,1
S1019,2025-03-16,PHY101,75.66,4,1
S1019,2025-09-12,ENG101,58.85,4,1
S1020,2024-03-21,CSE101,67.31,4,1
S1020,2024-09-17,MTH101,77.79,4,1
S1020,2025-03-16,PHY101,74.52,4,1
S1020,2025-09-12,ENG101,82.3,4,1
S1021,2024-03-21,CSE101,73.79,4,1
S1021,2024-09-17,MTH101,65.92,4,1
S1021,2025-03-16,PHY101,84.84,4,1
S1021,2025-09-12,ENG101,63.25,4,1
S1022,2024-03-21,CSE101,77.21,4,1
S1022,2024-09-17,MTH101,58.65,4,1
S1022,2025-03-16,PHY101,80.64,4,1
S1022,2025-09-12,ENG101,60.65,4,1
S1023,2024-03-21,CSE101,80.69,4,1
S1023,2024-09-17,MTH101,68.95,4,1
S1023,2025-03-16,PHY101,51.08,4,1
S1023,2025-09-12,ENG101,65.79,4,1
S1024,2024-03-21,CSE101,71.81,4,1
S1024,2024-09-17,MTH101,82.12,4,1
S1024,2025-03-16,PHY101,62.43,4,1
S1024,2025-09-12,ENG101,64.68,4,1
S1025,2024-03-21,CSE101,67.74,4,1
S1025,2024-09-17,MTH101,62.3,4,1
S1025,2025-03-16,PHY101,62.31,4,1
S1025,2025-09-12,ENG101,57.48,4,1
S1026,2024-03-21,CSE101,77.56,4,1
S1026,2024-09-17,MTH101,87.1,4,1
S1026,2025-03-16,PHY101,63.12,4,1
S1026,2025-09-12,ENG101,55.94,4,1
S1027,2024-03-21,CSE101,66.02,4,1
S1027,2024-09-17,MTH101,59.47,4,1
S1027,2025-03-16,PHY101,67.66,4,1
S1027,2025-09-12,ENG101,65.38,4,1
S1028,2024-03-21,CSE101,68.31,4,1
S1028,2024-09-17,MTH101,65.43,4,1
S1028,2025-03-16,PHY101,73.94,4,1
S1028,2025-09-12,ENG101,58.07,4,1
S1029,2024-03-21,CSE101,75.84,4,1
S1029,2024-09-17,MTH101,78.68,4,1
S1029,2025-03-16,PHY101,62.34,4,1
S1029,2025-09-12,ENG101,77.06,4,1
S1030,2024-03-21,CSE101,82.63,4,1
S1030,2024-09-17,MTH101,69.44,4,1
S1030,2025-03-16,PHY101,62.44,4,1
S1030,2025-09-12,ENG101,73.61,4,1
S1031,2024-03-21,CSE101,54.1,4,1
S1031,2024-09-17,MTH101,55.58,4,1
S1031,2025-03-16,PHY101,71.35,4,1
S1031,2025-09-12,ENG101,64.17,4,1
S1032,2024-03-21,CSE101,54.92,4,1
S1032,2024-09-17,MTH101,61.97,4,1
S1032,2025-03-16,PHY101,62.85,4,1
S1032,2025-09-12,ENG101,64.18,4,1
S1033,2024-03-21,CSE101,75.78,4,1
S1033,2024-09-17,MTH101,100.0,4,1
S1033,2025-03-16,PHY101,72.17,4,1
S1033,2025-09-12,ENG101,76.42,4,1
S1034,2024-03-21,CSE101,65.08,4,1
S1034,2024-09-17,MTH101,49.18,4,1
S1034,2025-03-16,PHY101,62.94,4,1
S1034,2025-09-12,ENG101,63.49,4,1
S1035,2024-03-21,CSE101,68.15,4,1
S1035,2024-09-17,MTH101,61.59,4,1
S1035,2025-03-16,PHY101,62.87,4,1
S1035,2025-09-12,ENG101,74.76,4,1
S1036,2024-03-21,CSE101,72.03,4,1
S1036,2024-09-17,MTH101,89.67,4,1
S1036,2025-03-16,PHY101,73.17,4,1
S1036,2025-09-12,ENG101,63.02,4,1
S1037,2024-03-21,CSE101,67.84,4,1
S1037,2024-09-17,MTH101,70.21,4,1
S1037,2025-03-16,PHY101,74.15,4,1
S1037,2025-09-12,ENG101,63.75,4,1
S1038,2024-03-21,CSE101,62.82,4,1
S1038,2024-09-17,MTH101,55.32,4,1
S1038,2025-03-16,PHY101,59.5,4,1
S1038,2025-09-12,ENG101,59.04,4,1
S1039,2024-03-21,CSE101,65.42,4,1
S1039,2024-09-17,MTH101,44.04,4,1
S1039,2025-03-16,PHY101,90.52,4,1
S1039,2025-09-12,ENG101,60.9,4,1
S1040,2024-03-21,CSE101,61.15,4,1
S1040,2024-09-17,MTH101,61.99,4,1
S1040,2025-03-16,PHY101,87.84,4,1
S1040,2025-09-12,ENG101,73.53,4,1
S1041,2024-03-21,CSE101,64.36,4,1
S1041,2024-09-17,MTH101,69.15,4,1
S1041,2025-03-16,PHY101,66.61,4,1
S1041,2025-09-12,ENG101,70.89,4,1
S1042,2024-03-21,CSE101,84.77,4,1
S1042,2024-09-17,MTH101,72.06,4,1
S1042,2025-03-16,PHY101,60.58,4,1
S1042,2025-09-12,ENG101,80.39,4,1
S1043,2024-03-21,CSE101,87.98,4,1
S1043,2024-09-17,MTH101,85.95,4,1
S1043,2025-03-16,PHY101,86.25,4,1
S1043,2025-09-12,ENG101,73.99,4,1
S1044,2024-03-21,CSE101,48.59,4,1
S1044,2024-09-17,MTH101,54.51,4,1
S1044,2025-03-16,PHY101,47.88,4,1
S1044,2025-09-12,ENG101,65.64,4,1
S1045,2024-03-21,CSE101,64.19,4,1
S1045,2024-09-17,MTH101,69.17,4,1
S1045,2025-03-16,PHY101,58.18,4,1
S1045,2025-09-12,ENG101,60.09,4,1
S1046,2024-03-21,CSE101,68.34,4,1
S1046,2024-09-17,MTH101,59.09,4,1
S1046,2025-03-16,PHY101,73.61,4,1
S1046,2025-09-12,ENG101,83.14,4,1
S1047,2024-03-21,CSE101,80.84,4,1
S1047,2024-09-17,MTH101,64.47,4,1
S1047,2025-03-16,PHY101,44.77,4,1
S1047,2025-09-12,ENG101,60.62,4,1
S1048,2024-03-21,CSE101,73.53,4,1
S1048,2024-09-17,MTH101,76.72,4,1
S1048,2025-03-16,PHY101,76.6,4,1
S1048,2025-09-12,ENG101,77.45,4,1
S1049,2024-03-21,CSE101,80.39,4,1
S1049,2024-09-17,MTH101,81.7,4,1
S1049,2025-03-16,PHY101,40.23,4,1
S1049,2025-09-12,ENG101,54.65,4,1
S1050,2024-03-21,CSE101,49.9,4,1
S1050,2024-09-17,MTH101,72.8,4,1
S1050,2025-03-16,PHY101,71.59,4,1
S1050,2025-09-12,ENG101,82.52,4,1
S1051,2024-03-21,CSE101,59.23,4,1
S1051,2024-09-17,MTH101,67.25,4,1
S1051,2025-03-16,PHY101,78.42,4,1
S1051,2025-09-12,ENG101,85.41,4,1
S1052,2024-03-21,CSE101,72.32,4,1
S1052,2024-09-17,MTH101,54.09,4,1
S1052,2025-03-16,PHY101,58.92,4,1
S1052,2025-09-12,ENG101,69.52,4,1
S1053,2024-03-21,CSE101,73.63,4,1
S1053,2024-09-17,MTH101,47.48,4,1
S1053,2025-03-16,PHY101,85.32,4,1
S1053,2025-09-12,ENG101,68.89,4,1
S1054,2024-03-21,CSE101,80.46,4,1
S1054,2024-09-17,MTH101,60.85,4,1
S1054,2025-03-16,PHY101,65.95,4,1
S1054,2025-09-12,ENG101,53.77,4,1
S1055,2024-03-21,CSE101,66.26,4,1
S1055,2024-09-17,MTH101,73.58,4,1
S1055,2025-03-16,PHY101,88.29,4,1
S1055,2025-09-12,ENG101,64.56,4,1
S1056,2024-03-21,CSE101,65.36,4,1
S1056,2024-09-17,MTH101,71.46,4,1
S1056,2025-03-16,PHY101,48.1,4,1
S1056,2025-09-12,ENG101,40.59,4,1
S1057,2024-03-21,CSE101,67.71,4,1
S1057,2024-09-17,MTH101,70.56,4,1
S1057,2025-03-16,PHY101,49.96,4,1
S1057,2025-09-12,ENG101,65.59,4,1
S1058,2024-03-21,CSE101,80.06,4,1
S1058,2024-09-17,MTH101,76.39,4,1
S1058,2025-03-16,PHY101,75.55,4,1
S1058,2025-09-12,ENG101,64.87,4,1
S1059,2024-03-21,CSE101,67.48,4,1
S1059,2024-09-17,MTH101,56.78,4,1
S1059,2025-03-16,PHY101,84.82,4,1
S1059,2025-09-12,ENG101,93.54,4,1
S1060,2024-03-21,CSE101,76.1,4,1
S1060,2024-09-17,MTH101,70.68,4,1
S1060,2025-03-16,PHY101,84.24,4,1
S1060,2025-09-12,ENG101,66.21,4,1
S1061,2024-03-21,CSE101,49.41,4,1
S1061,2024-09-17,MTH101,70.11,4,1
S1061,2025-03-16,PHY101,66.27,4,1
S1061,2025-09-12,ENG101,68.75,4,1
S1062,2024-03-21,CSE101,61.22,4,1
S1062,2024-09-17,MTH101,69.34,4,1
S1062,2025-03-16,PHY101,70.19,4,1
S1062,2025-09-12,ENG101,80.08,4,1
S1063,2024-03-21,CSE101,50.08,4,1
S1063,2024-09-17,MTH101,63.63,4,1
S1063,2025-03-16,PHY101,47.63,4,1
S1063,2025-09-12,ENG101,67.77,4,1
S1064,2024-03-21,CSE101,50.67,4,1
S1064,2024-09-17,MTH101,59.21,4,1
S1064,2025-03-16,PHY101,60.97,4,1
S1064,2025-09-12,ENG101,61.02,4,1
S1065,2024-03-21,CSE101,70.49,4,1
S1065,2024-09-17,MTH101,96.71,4,1
S1065,2025-03-16,PHY101,58.93,4,1
S1065,2025-09-12,ENG101,66.98,4,1
S1066,2024-03-21,CSE101,71.74,4,1
S1066,2024-09-17,MTH101,58.46,4,1
S1066,2025-03-16,PHY101,65.28,4,1
S1066,2025-09-12,ENG101,62.62,4,1
S1067,2024-03-21,CSE101,74.9,4,1
S1067,2024-09-17,MTH101,67.8,4,1
S1067,2025-03-16,PHY101,88.91,4,1
S1067,2025-09-12,ENG101,77.27,4,1
S1068,2024-03-21,CSE101,61.42,4,1
S1068,2024-09-17,MTH101,51.97,4,1
S1068,2025-03-16,PHY101,64.5,4,1
S1068,2025-09-12,ENG101,77.41,4,1
S1069,2024-03-21,CSE101,98.49,4,1
S1069,2024-09-17,MTH101,72.89,4,1
S1069,2025-03-16,PHY101,62.7,4,1
S1069,2025-09-12,ENG101,60.43,4,1
S1070,2024-03-21,CSE101,62.58,4,1
S1070,2024-09-17,MTH101,60.25,4,1
S1070,2025-03-16,PHY101,44.78,4,1
S1070,2025-09-12,ENG101,93.17,4,1
S1071,2024-03-21,CSE101,72.65,4,1
S1071,2024-09-17,MTH101,75.98,4,1
S1071,2025-03-16,PHY101,63.69,4,1
S1071,2025-09-12,ENG101,74.96,4,1
S1072,2024-03-21,CSE101,47.74,4,1
S1072,2024-09-17,MTH101,73.06,4,1
S1072,2025-03-16,PHY101,71.65,4,1
S1072,2025-09-12,ENG101,63.23,4,1
S1073,2024-03-21,CSE101,62.6,4,1
S1073,2024-09-17,MTH101,64.91,4,1
S1073,2025-03-16,PHY101,61.07,4,1
S1073,2025-09-12,ENG101,48.23,4,1
S1074,2024-03-21,CSE101,78.0,4,1
S1074,2024-09-17,MTH101,55.95,4,1
S1074,2025-03-16,PHY101,57.5,4,1
S1074,2025-09-12,ENG101,77.82,4,1
S1075,2024-03-21,CSE101,71.6,4,1
S1075,2024-09-17,MTH101,83.0,4,1
S1075,2025-03-16,PHY101,78.36,4,1
S1075,2025-09-12,ENG101,71.61,4,1
S1076,2024-03-21,CSE101,52.4,4,1
S1076,2024-09-17,MTH101,53.45,4,1
S1076,2025-03-16,PHY101,60.13,4,1
S1076,2025-09-12,ENG101,64.33,4,1
S1077,2024-03-21,CSE101,71.83,4,1
S1077,2024-09-17,MTH101,87.83,4,1
S1077,2025-03-16,PHY101,84.51,4,1
S1077,2025-09-12,ENG101,61.04,4,1
S1078,2024-03-21,CSE101,55.73,4,1
S1078,2024-09-17,MTH101,63.06,4,1
S1078,2025-03-16,PHY101,50.96,4,1
S1078,2025-09-12,ENG101,64.49,4,1
S1079,2024-03-21,CSE101,83.14,4,1
S1079,2024-09-17,MTH101,71.12,4,1
S1079,2025-03-16,PHY101,75.6,4,1
S1079,2025-09-12,ENG101,77.22,4,1
S1080,2024-03-21,CSE101,75.67,4,1
S1080,2024-09-17,MTH101,67.26,4,1
S1080,2025-03-16,PHY101,86.14,4,1
S1080,2025-09-12,ENG101,49.23,4,1
S1081,2024-03-21,CSE101,74.05,4,1
S1081,2024-09-17,MTH101,64.59,4,1
S1081,2025-03-16,PHY101,61.53,4,1
S1081,2025-09-12,ENG101,60.64,4,1
S1082,2024-03-21,CSE101,62.85,4,1
S1082,2024-09-17,MTH101,68.41,4,1
S1082,2025-03-16,PHY101,57.19,4,1
S1082,2025-09-12,ENG101,57.43,4,1
S1083,2024-03-21,CSE101,89.71,4,1
S1083,2024-09-17,MTH101,76.8,4,1
S1083,2025-03-16,PHY101,71.21,4,1
S1083,2025-09-12,ENG101,67.65,4,1
S1084,2024-03-21,CSE101,92.72,4,1
S1084,2024-09-17,MTH101,80.42,4,1
S1084,2025-03-16,PHY101,66.79,4,1
S1084,2025-09-12,ENG101,76.58,4,1
S1085,2024-03-21,CSE101,71.09,4,1
S1085,2024-09-17,MTH101,68.49,4,1
S1085,2025-03-16,PHY101,72.53,4,1
S1085,2025-09-12,ENG101,57.03,4,1
S1086,2024-03-21,CSE101,67.72,4,1
S1086,2024-09-17,MTH101,67.81,4,1
S1086,2025-03-16,PHY101,61.75,4,1
S1086,2025-09-12,ENG101,74.49,4,1
S1087,2024-03-21,CSE101,76.05,4,1
S1087,2024-09-17,MTH101,69.68,4,1
S1087,2025-03-16,PHY101,52.31,4,1
S1087,2025-09-12,ENG101,56.74,4,1
S1088,2024-03-21,CSE101,71.0,4,1
S1088,2024-09-17,MTH101,64.26,4,1
S1088,2025-03-16,PHY101,66.09,4,1
S1088,2025-09-12,ENG101,54.44,4,1
S1089,2024-03-21,CSE101,59.01,4,1
S1089,2024-09-17,MTH101,79.67,4,1
S1089,2025-03-16,PHY101,73.03,4,1
S1089,2025-09-12,ENG101,44.88,4,1
S1090,2024-03-21,CSE101,65.18,4,1
S1090,2024-09-17,MTH101,60.35,4,1
S1090,2025-03-16,PHY101,62.07,4,1
S1090,2025-09-12,ENG101,75.0,4,1
S1091,2024-03-21,CSE101,57.9,4,1
S1091,2024-09-17,MTH101,53.74,4,1
S1091,2025-03-16,PHY101,52.52,4,1
S1091,2025-09-12,ENG101,53.97,4,1
S1092,2024-03-21,CSE101,66.51,4,1
S1092,2024-09-17,MTH101,77.36,4,1
S1092,2025-03-16,PHY101,72.21,4,1
S1092,2025-09-12,ENG101,65.28,4,1
S1093,2024-03-21,CSE101,64.71,4,1
S1093,2024-09-17,MTH101,82.16,4,1
S1093,2025-03-16,PHY101,63.56,4,1
S1093,2025-09-12,ENG101,78.67,4,1
S1094,2024-03-21,CSE101,47.17,4,1
S1094,2024-09-17,MTH101,76.19,4,1
S1094,2025-03-16,PHY101,65.57,4,1
S1094,2025-09-12,ENG101,51.85,4,1
S1095,2024-03-21,CSE101,47.36,4,1
S1095,2024-09-17,MTH101,63.62,4,1
S1095,2025-03-16,PHY101,69.71,4,1
S1095,2025-09-12,ENG101,54.75,4,1
S1096,2024-03-21,CSE101,69.66,4,1
S1096,2024-09-17,MTH101,72.21,4,1
S1096,2025-03-16,PHY101,87.53,4,1
S1096,2025-09-12,ENG101,77.22,4,1
S1097,2024-03-21,CSE101,82.72,4,1
S1097,2024-09-17,MTH101,51.53,4,1
S1097,2025-03-16,PHY101,49.11,4,1
S1097,2025-09-12,ENG101,77.87,4,1
S1098,2024-03-21,CSE101,83.52,4,1
S1098,2024-09-17,MTH101,69.1,4,1
S1098,2025-03-16,PHY101,75.93,4,1
S1098,2025-09-12,ENG101,85.64,4,1
S1099,2024-03-21,CSE101,63.66,4,1
S1099,2024-09-17,MTH101,56.37,4,1
S1099,2025-03-16,PHY101,58.21,4,1
S1099,2025-09-12,ENG101,61.16,4,1
S1100,2024-03-21,CSE101,72.11,4,1
S1100,2024-09-17,MTH101,58.84,4,1
S1100,2025-03-16,PHY101,75.71,4,1
S1100,2025-09-12,ENG101,81.99,4,1
S1101,2024-03-21,CSE101,81.68,4,1
S1101,2024-09-17,MTH101,63.2,4,1
S1101,2025-03-16,PHY101,66.78,4,1
S1101,2025-09-12,ENG101,64.79,4,1
S1102,2024-03-21,CSE101,71.07,4,1
S1102,2024-09-17,MTH101,91.6,4,1
S1102,2025-03-16,PHY101,83.5,4,1
S1102,2025-09-12,ENG101,66.24,4,1
S1103,2024-03-21,CSE101,54.84,4,1
S1103,2024-09-17,MTH101,66.69,4,1
S1103,2025-03-16,PHY101,63.01,4,1
S1103,2025-09-12,ENG101,43.0,4,1
S1104,2024-03-21,CSE101,71.4,4,1
S1104,2024-09-17,MTH101,73.02,4,1
S1104,2025-03-16,PHY101,72.61,4,1
S1104,2025-09-12,ENG101,65.28,4,1
S1105,2024-03-21,CSE101,67.99,4,1
S1105,2024-09-17,MTH101,64.11,4,1
S1105,2025-03-16,PHY101,75.73,4,1
S1105,2025-09-12,ENG101,56.25,4,1
S1106,2024-03-21,CSE101,51.07,4,1
S1106,2024-09-17,MTH101,44.33,4,1
S1106,2025-03-16,PHY101,63.76,4,1
S1106,2025-09-12,ENG101,72.13,4,1
S1107,2024-03-21,CSE101,68.5,4,1
S1107,2024-09-17,MTH101,71.53,4,1
S1107,2025-03-16,PHY101,75.25,4,1
S1107,2025-09-12,ENG101,63.54,4,1
S1108,2024-03-21,CSE101,61.94,4,1
S1108,2024-09-17,MTH101,69.08,4,1
S1108,2025-03-16,PHY101,73.32,4,1
S1108,2025-09-12,ENG101,63.74,4,1
S1109,2024-03-21,CSE101,88.75,4,1
S1109,2024-09-17,MTH101,68.29,4,1
S1109,2025-03-16,PHY101,79.36,4,1
S1109,2025-09-12,ENG101,68.97,4,1
S1110,2024-03-21,CSE101,60.36,4,1
S1110,2024-09-17,MTH101,83.12,4,1
S1110,2025-03-16,PHY101,80.88,4,1
S1110,2025-09-12,ENG101,50.07,4,1
S1111,2024-03-21,CSE101,70.91,4,1
S1111,2024-09-17,MTH101,59.8,4,1
S1111,2025-03-16,PHY101,55.43,4,1
S1111,2025-09-12,ENG101,76.55,4,1
S1112,2024-03-21,CSE101,66.61,4,1
S1112,2024-09-17,MTH101,67.19,4,1
S1112,2025-03-16,PHY101,57.61,4,1
S1112,2025-09-12,ENG101,65.53,4,1
S1113,2024-03-21,CSE101,66.58,4,1
S1113,2024-09-17,MTH101,73.06,4,1
S1113,2025-03-16,PHY101,68.25,4,1
S1113,2025-09-12,ENG101,54.29,4,1
S1114,2024-03-21,CSE101,80.87,4,1
S1114,2024-09-17,MTH101,40.86,4,1
S1114,2025-03-16,PHY101,66.17,4,1
S1114,2025-09-12,ENG101,52.59,4,1
S1115,2024-03-21,CSE101,70.05,4,1
S1115,2024-09-17,MTH101,61.62,4,1
S1115,2025-03-16,PHY101,62.28,4,1
S1115,2025-09-12,ENG101,64.56,4,1
S1116,2024-03-21,CSE101,67.79,4,1
S1116,2024-09-17,MTH101,75.97,4,1
S1116,2025-03-16,PHY101,68.77,4,1
S1116,2025-09-12,ENG101,62.03,4,1
S1117,2024-03-21,CSE101,77.9,4,1
S1117,2024-09-17,MTH101,60.21,4,1
S1117,2025-03-16,PHY101,75.17,4,1
S1117,2025-09-12,ENG101,71.53,4,1
S1118,2024-03-21,CSE101,63.9,4,1
S1118,2024-09-17,MTH101,84.28,4,1
S1118,2025-03-16,PHY101,70.18,4,1
S1118,2025-09-12,ENG101,56.2,4,1
S1119,2024-03-21,CSE101,68.47,4,1
S1119,2024-09-17,MTH101,55.16,4,1
S1119,2025-03-16,PHY101,65.33,4,1
S1119,2025-09-12,ENG101,71.51,4,1
S1120,2024-03-21,CSE101,70.6,4,1
S1120,2024-09-17,MTH101,69.5,4,1
S1120,2025-03-16,PHY101,59.65,4,1
S1120,2025-09-12,ENG101,68.18,4,1
S1121,2024-03-21,CSE101,57.9,4,1
S1121,2024-09-17,MTH101,60.52,4,1
S1121,2025-03-16,PHY101,63.92,4,1
S1121,2025-09-12,ENG101,42.57,4,1
S1122,2024-03-21,CSE101,64.35,4,1
S1122,2024-09-17,MTH101,63.36,4,1
S1122,2025-03-16,PHY101,78.67,4,1
S1122,2025-09-12,ENG101,66.35,4,1
S1123,2024-03-21,CSE101,73.97,4,1
S1123,2024-09-17,MTH101,69.9,4,1
S1123,2025-03-16,PHY101,58.64,4,1
S1123,2025-09-12,ENG101,61.22,4,1
S1124,2024-03-21,CSE101,63.01,4,1
S1124,2024-09-17,MTH101,61.18,4,1
S1124,2025-03-16,PHY101,77.84,4,1
S1124,2025-09-12,ENG101,75.97,4,1
S1125,2024-03-21,CSE101,69.21,4,1
S1125,2024-09-17,MTH101,83.17,4,1
S1125,2025-03-16,PHY101,69.84,4,1
S1125,2025-09-12,ENG101,74.82,4,1
S1126,2024-03-21,CSE101,56.7,4,1
S1126,2024-09-17,MTH101,70.42,4,1
S1126,2025-03-16,PHY101,82.73,4,1
S1126,2025-09-12,ENG101,88.68,4,1
S1127,2024-03-21,CSE101,50.75,4,1
S1127,2024-09-17,MTH101,61.42,4,1
S1127,2025-03-16,PHY101,68.69,4,1
S1127,2025-09-12,ENG101,66.83,4,1
S1128,2024-03-21,CSE101,84.95,4,1
S1128,2024-09-17,MTH101,83.84,4,1
S1128,2025-03-16,PHY101,71.5,4,1
S1128,2025-09-12,ENG101,97.5,4,1
S1129,2024-03-21,CSE101,52.97,4,1
S1129,2024-09-17,MTH101,58.98,4,1
S1129,2025-03-16,PHY101,63.22,4,1
S1129,2025-09-12,ENG101,81.75,4,1
S1130,2024-03-21,CSE101,64.28,4,1
S1130,2024-09-17,MTH101,78.7,4,1
S1130,2025-03-16,PHY101,83.78,4,1
S1130,2025-09-12,ENG101,58.7,4,1
S1131,2024-03-21,CSE101,61.63,4,1
S1131,2024-09-17,MTH101,80.82,4,1
S1131,2025-03-16,PHY101,73.47,4,1
S1131,2025-09-12,ENG101,54.8,4,1
S1132,2024-03-21,CSE101,57.28,4,1
S1132,2024-09-17,MTH101,64.62,4,1
S1132,2025-03-16,PHY101,65.69,4,1
S1132,2025-09-12,ENG101,60.6,4,1
S1133,2024-03-21,CSE101,53.46,4,1
S1133,2024-09-17,MTH101,67.84,4,1
S1133,2025-03-16,PHY101,59.34,4,1
S1133,2025-09-12,ENG101,80.27,4,1
S1134,2024-03-21,CSE101,69.87,4,1
S1134,2024-09-17,MTH101,71.61,4,1
S1134,2025-03-16,PHY101,77.34,4,1
S1134,2025-09-12,ENG101,62.53,4,1
S1135,2024-03-21,CSE101,75.03,4,1
S1135,2024-09-17,MTH101,63.91,4,1
S1135,2025-03-16,PHY101,75.21,4,1
S1135,2025-09-12,ENG101,52.31,4,1
S1136,2024-03-21,CSE101,73.23,4,1
S1136,2024-09-17,MTH101,48.45,4,1
S1136,2025-03-16,PHY101,62.09,4,1
S1136,2025-09-12,ENG101,61.64,4,1
S1137,2024-03-21,CSE101,61.32,4,1
S1137,2024-09-17,MTH101,70.68,4,1
S1137,2025-03-16,PHY101,70.89,4,1
S1137,2025-09-12,ENG101,73.27,4,1
S1138,2024-03-21,CSE101,67.19,4,1
S1138,2024-09-17,MTH101,58.33,4,1
S1138,2025-03-16,PHY101,63.07,4,1
S1138,2025-09-12,ENG101,69.62,4,1
S1139,2024-03-21,CSE101,52.69,4,1
S1139,2024-09-17,MTH101,66.86,4,1
S1139,2025-03-16,PHY101,59.1,4,1
S1139,2025-09-12,ENG101,50.41,4,1
S1140,2024-03-21,CSE101,69.07,4,1
S1140,2024-09-17,MTH101,62.33,4,1
S1140,2025-03-16,PHY101,59.37,4,1
S1140,2025-09-12,ENG101,50.22,4,1
S1141,2024-03-21,CSE101,70.3,4,1
S1141,2024-09-17,MTH101,72.59,4,1
S1141,2025-03-16,PHY101,70.39,4,1
S1141,2025-09-12,ENG101,72.64,4,1
S1142,2024-03-21,CSE101,60.97,4,1
S1142,2024-09-17,MTH101,58.61,4,1
S1142,2025-03-16,PHY101,65.31,4,1
S1142,2025-09-12,ENG101,52.66,4,1
S1143,2024-03-21,CSE101,53.73,4,1
S1143,2024-09-17,MTH101,60.29,4,1
S1143,2025-03-16,PHY101,73.48,4,1
S1143,2025-09-12,ENG101,62.41,4,1
S1144,2024-03-21,CSE101,65.14,4,1
S1144,2024-09-17,MTH101,99.1,4,1
S1144,2025-03-16,PHY101,71.02,4,1
S1144,2025-09-12,ENG101,80.52,4,1
S1145,2024-03-21,CSE101,73.37,4,1
S1145,2024-09-17,MTH101,60.7,4,1
S1145,2025-03-16,PHY101,73.15,4,1
S1145,2025-09-12,ENG101,52.42,4,1
S1146,2024-03-21,CSE101,67.6,4,1
S1146,2024-09-17,MTH101,74.8,4,1
S1146,2025-03-16,PHY101,64.27,4,1
S1146,2025-09-12,ENG101,66.71,4,1
S1147,2024-03-21,CSE101,71.82,4,1
S1147,2024-09-17,MTH101,61.36,4,1
S1147,2025-03-16,PHY101,69.27,4,1
S1147,2025-09-12,ENG101,62.98,4,1
S1148,2024-03-21,CSE101,66.6,4,1
S1148,2024-09-17,MTH101,58.05,4,1
S1148,2025-03-16,PHY101,54.57,4,1
S1148,2025-09-12,ENG101,64.56,4,1
S1149,2024-03-21,CSE101,57.34,4,1
S1149,2024-09-17,MTH101,71.75,4,1
S1149,2025-03-16,PHY101,66.11,4,1
S1149,2025-09-12,ENG101,71.46,4,1
S1150,2024-03-21,CSE101,74.18,4,1
S1150,2024-09-17,MTH101,57.4,4,1
S1150,2025-03-16,PHY101,80.91,4,1
S1150,2025-09-12,ENG101,54.55,4,1
S1151,2024-03-21,CSE101,69.11,4,1
S1151,2024-09-17,MTH101,70.61,4,1
S1151,2025-03-16,PHY101,51.6,4,1
S1151,2025-09-12,ENG101,64.05,4,1
S1152,2024-03-21,CSE101,77.45,4,1
S1152,2024-09-17,MTH101,85.3,4,1
S1152,2025-03-16,PHY101,54.63,4,1
S1152,2025-09-12,ENG101,54.15,4,1
S1153,2024-03-21,CSE101,62.39,4,1
S1153,2024-09-17,MTH101,46.54,4,1
S1153,2025-03-16,PHY101,72.72,4,1
S1153,2025-09-12,ENG101,70.78,4,1
S1154,2024-03-21,CSE101,64.18,4,1
S1154,2024-09-17,MTH101,65.36,4,1
S1154,2025-03-16,PHY101,64.13,4,1
S1154,2025-09-12,ENG101,58.42,4,1
S1155,2024-03-21,CSE101,61.98,4,1
S1155,2024-09-17,MTH101,67.27,4,1
S1155,2025-03-16,PHY101,73.55,4,1
S1155,2025-09-12,ENG101,84.07,4,1
S1156,2024-03-21,CSE101,75.64,4,1
S1156,2024-09-17,MTH101,58.28,4,1
S1156,2025-03-16,PHY101,77.29,4,1
S1156,2025-09-12,ENG101,73.94,4,1
S1157,2024-03-21,CSE101,69.9,4,1
S1157,2024-09-17,MTH101,87.91,4,1
S1157,2025-03-16,PHY101,62.08,4,1
S1157,2025-09-12,ENG101,75.85,4,1
S1158,2024-03-21,CSE101,96.48,4,1
S1158,2024-09-17,MTH101,68.07,4,1
S1158,2025-03-16,PHY101,79.7,4,1
S1158,2025-09-12,ENG101,58.89,4,1
S1159,2024-03-21,CSE101,73.82,4,1
S1159,2024-09-17,MTH101,85.62,4,1
S1159,2025-03-16,PHY101,67.98,4,1
S1159,2025-09-12,ENG101,67.72,4,1
S1160,2024-03-21,CSE101,73.99,4,1
S1160,2024-09-17,MTH101,67.99,4,1
S1160,2025-03-16,PHY101,69.28,4,1
S1160,2025-09-12,ENG101,62.45,4,1
S1161,2024-03-21,CSE101,66.62,4,1
S1161,2024-09-17,MTH101,70.62,4,1
S1161,2025-03-16,PHY101,49.53,4,1
S1161,2025-09-12,ENG101,54.89,4,1
S1162,2024-03-21,CSE101,77.21,4,1
S1162,2024-09-17,MTH101,76.67,4,1
S1162,2025-03-16,PHY101,70.77,4,1
S1162,2025-09-12,ENG101,70.34,4,1
S1163,2024-03-21,CSE101,50.8,4,1
S1163,2024-09-17,MTH101,60.27,4,1
S1163,2025-03-16,PHY101,53.23,4,1
S1163,2025-09-12,ENG101,57.45,4,1
S1164,2024-03-21,CSE101,77.57,4,1
S1164,2024-09-17,MTH101,45.54,4,1
S1164,2025-03-16,PHY101,63.51,4,1
S1164,2025-09-12,ENG101,59.2,4,1
S1165,2024-03-21,CSE101,74.44,4,1
S1165,2024-09-17,MTH101,77.87,4,1
S1165,2025-03-16,PHY101,69.65,4,1
S1165,2025-09-12,ENG101,69.99,4,1
S1166,2024-03-21,CSE101,73.15,4,1
S1166,2024-09-17,MTH101,65.29,4,1
S1166,2025-03-16,PHY101,62.73,4,1
S1166,2025-09-12,ENG101,68.83,4,1
S1167,2024-03-21,CSE101,64.24,4,1
S1167,2024-09-17,MTH101,49.35,4,1
S1167,2025-03-16,PHY101,63.12,4,1
S1167,2025-09-12,ENG101,85.75,4,1
S1168,2024-03-21,CSE101,68.47,4,1
S1168,2024-09-17,MTH101,74.39,4,1
S1168,2025-03-16,PHY101,65.63,4,1
S1168,2025-09-12,ENG101,78.38,4,1
S1169,2024-03-21,CSE101,71.02,4,1
S1169,2024-09-17,MTH101,74.27,4,1
S1169,2025-03-16,PHY101,57.64,4,1
S1169,2025-09-12,ENG101,87.7,4,1
S1170,2024-03-21,CSE101,62.47,4,1
S1170,2024-09-17,MTH101,56.41,4,1
S1170,2025-03-16,PHY101,73.96,4,1
S1170,2025-09-12,ENG101,66.36,4,1
S1171,2024-03-21,CSE101,37.98,4,0
S1171,2024-09-17,MTH101,74.53,4,1
S1171,2025-03-16,PHY101,68.73,4,1
S1171,2025-09-12,ENG101,61.02,4,1
S1172,2024-03-21,CSE101,74.03,4,1
S1172,2024-09-17,MTH101,100.0,4,1
S1172,2025-03-16,PHY101,62.25,4,1
S1172,2025-09-12,ENG101,74.77,4,1
S1173,2024-03-21,CSE101,69.31,4,1
S1173,2024-09-17,MTH101,70.48,4,1
S1173,2025-03-16,PHY101,66.05,4,1
S1173,2025-09-12,ENG101,62.0,4,1
S1174,2024-03-21,CSE101,61.63,4,1
S1174,2024-09-17,MTH101,63.06,4,1
S1174,2025-03-16,PHY101,73.53,4,1
S1174,2025-09-12,ENG101,57.44,4,1
S1175,2024-03-21,CSE101,64.48,4,1
S1175,2024-09-17,MTH101,62.04,4,1
S1175,2025-03-16,PHY101,48.37,4,1
S1175,2025-09-12,ENG101,79.34,4,1
S1176,2024-03-21,CSE101,45.13,4,1
S1176,2024-09-17,MTH101,46.26,4,1
S1176,2025-03-16,PHY101,75.98,4,1
S1176,2025-09-12,ENG101,67.39,4,1
S1177,2024-03-21,CSE101,82.46,4,1
S1177,2024-09-17,MTH101,73.51,4,1
S1177,2025-03-16,PHY101,61.69,4,1
S1177,2025-09-12,ENG101,85.24,4,1
S1178,2024-03-21,CSE101,92.19,4,1
S1178,2024-09-17,MTH101,77.4,4,1
S1178,2025-03-16,PHY101,68.55,4,1
S1178,2025-09-12,ENG101,56.45,4,1
S1179,2024-03-21,CSE101,49.0,4,1
S1179,2024-09-17,MTH101,67.54,4,1
S1179,2025-03-16,PHY101,63.73,4,1
S1179,2025-09-12,ENG101,67.08,4,1
S1180,2024-03-21,CSE101,70.2,4,1
S1180,2024-09-17,MTH101,82.22,4,1
S1180,2025-03-16,PHY101,77.24,4,1
S1180,2025-09-12,ENG101,66.3,4,1
S1181,2024-03-21,CSE101,72.38,4,1
S1181,2024-09-17,MTH101,71.95,4,1
S1181,2025-03-16,PHY101,60.78,4,1
S1181,2025-09-12,ENG101,45.28,4,1
S1182,2024-03-21,CSE101,60.8,4,1
S1182,2024-09-17,MTH101,72.66,4,1
S1182,2025-03-16,PHY101,88.06,4,1
S1182,2025-09-12,ENG101,69.8,4,1
S1183,2024-03-21,CSE101,80.25,4,1
S1183,2024-09-17,MTH101,75.97,4,1
S1183,2025-03-16,PHY101,100.0,4,1
S1183,2025-09-12,ENG101,67.8,4,1
S1184,2024-03-21,CSE101,62.0,4,1
S1184,2024-09-17,MTH101,70.94,4,1
S1184,2025-03-16,PHY101,85.17,4,1
S1184,2025-09-12,ENG101,34.88,4,0
S1185,2024-03-21,CSE101,62.88,4,1
S1185,2024-09-17,MTH101,71.63,4,1
S1185,2025-03-16,PHY101,64.16,4,1
S1185,2025-09-12,ENG101,78.18,4,1
S1186,2024-03-21,CSE101,67.76,4,1
S1186,2024-09-17,MTH101,64.83,4,1
S1186,2025-03-16,PHY101,80.17,4,1
S1186,2025-09-12,ENG101,67.38,4,1
S1187,2024-03-21,CSE101,64.93,4,1
S1187,2024-09-17,MTH101,46.51,4,1
S1187,2025-03-16,PHY101,56.68,4,1
S1187,2025-09-12,ENG101,57.16,4,1
S1188,2024-03-21,CSE101,70.6,4,1
S1188,2024-09-17,MTH101,73.06,4,1
S1188,2025-03-16,PHY101,59.2,4,1
S1188,2025-09-12,ENG101,81.91,4,1
S1189,2024-03-21,CSE101,60.29,4,1
S1189,2024-09-17,MTH101,63.34,4,1
S1189,2025-03-16,PHY101,59.94,4,1
S1189,2025-09-12,ENG101,60.94,4,1
S1190,2024-03-21,CSE101,58.77,4,1
S1190,2024-09-17,MTH101,58.08,4,1
S1190,2025-03-16,PHY101,66.95,4,1
S1190,2025-09-12,ENG101,60.24,4,1
S1191,2024-03-21,CSE101,57.45,4,1
S1191,2024-09-17,MTH101,60.98,4,1
S1191,2025-03-16,PHY101,58.74,4,1
S1191,2025-09-12,ENG101,68.72,4,1
S1192,2024-03-21,CSE101,68.3,4,1
S1192,2024-09-17,MTH101,71.48,4,1
S1192,2025-03-16,PHY101,90.16,4,1
S1192,2025-09-12,ENG101,75.43,4,1
S1193,2024-03-21,CSE101,77.42,4,1
S1193,2024-09-17,MTH101,82.18,4,1
S1193,2025-03-16,PHY101,78.76,4,1
S1193,2025-09-12,ENG101,57.62,4,1
S1194,2024-03-21,CSE101,54.82,4,1
S1194,2024-09-17,MTH101,66.65,4,1
S1194,2025-03-16,PHY101,88.76,4,1
S1194,2025-09-12,ENG101,62.9,4,1
S1195,2024-03-21,CSE101,50.12,4,1
S1195,2024-09-17,MTH101,61.66,4,1
S1195,2025-03-16,PHY101,56.98,4,1
S1195,2025-09-12,ENG101,54.51,4,1
S1196,2024-03-21,CSE101,59.7,4,1
S1196,2024-09-17,MTH101,52.86,4,1
S1196,2025-03-16,PHY101,68.54,4,1
S1196,2025-09-12,ENG101,69.35,4,1
S1197,2024-03-21,CSE101,54.52,4,1
S1197,2024-09-17,MTH101,48.56,4,1
S1197,2025-03-16,PHY101,73.35,4,1
S1197,2025-09-12,ENG101,57.47,4,1
S1198,2024-03-21,CSE101,61.14,4,1
S1198,2024-09-17,MTH101,54.12,4,1
S1198,2025-03-16,PHY101,66.41,4,1
S1198,2025-09-12,ENG101,88.82,4,1
S1199,2024-03-21,CSE101,66.6,4,1
S1199,2024-09-17,MTH101,85.71,4,1
S1199,2025-03-16,PHY101,68.54,4,1
S1199,2025-09-12,ENG101,71.84,4,1
S1200,2024-03-21,CSE101,56.18,4,1
S1200,2024-09-17,MTH101,75.24,4,1
S1200,2025-03-16,PHY101,61.95,4,1
S1200,2025-09-12,ENG101,61.8,4,1
S1201,2024-03-21,CSE101,85.54,4,1
S1201,2024-09-17,MTH101,89.82,4,1
S1201,2025-03-16,PHY101,80.56,4,1
S1201,2025-09-12,ENG101,75.31,4,1
S1202,2024-03-21,CSE101,61.84,4,1
S1202,2024-09-17,MTH101,37.25,4,0
S1202,2025-03-16,PHY101,57.02,4,1
S1202,2025-09-12,ENG101,77.61,4,1
S1203,2024-03-21,CSE101,75.18,4,1
S1203,2024-09-17,MTH101,79.42,4,1
S1203,2025-03-16,PHY101,67.52,4,1
S1203,2025-09-12,ENG101,56.16,4,1
S1204,2024-03-21,CSE101,75.22,4,1
S1204,2024-09-17,MTH101,72.09,4,1
S1204,2025-03-16,PHY101,65.14,4,1
S1204,2025-09-12,ENG101,84.6,4,1
S1205,2024-03-21,CSE101,65.96,4,1
S1205,2024-09-17,MTH101,57.32,4,1
S1205,2025-03-16,PHY101,72.64,4,1
S1205,2025-09-12,ENG101,66.98,4,1
S1206,2024-03-21,CSE101,68.11,4,1
S1206,2024-09-17,MTH101,85.6,4,1
S1206,2025-03-16,PHY101,64.36,4,1
S1206,2025-09-12,ENG101,67.54,4,1
S1207,2024-03-21,CSE101,57.68,4,1
S1207,2024-09-17,MTH101,63.1,4,1
S1207,2025-03-16,PHY101,59.42,4,1
S1207,2025-09-12,ENG101,76.13,4,1
S1208,2024-03-21,CSE101,58.33,4,1
S1208,2024-09-17,MTH101,40.75,4,1
S1208,2025-03-16,PHY101,47.7,4,1
S1208,2025-09-12,ENG101,67.52,4,1
S1209,2024-03-21,CSE101,69.83,4,1
S1209,2024-09-17,MTH101,78.29,4,1
S1209,2025-03-16,PHY101,73.38,4,1
S1209,2025-09-12,ENG101,65.42,4,1
S1210,2024-03-21,CSE101,58.46,4,1
S1210,2024-09-17,MTH101,61.43,4,1
S1210,2025-03-16,PHY101,57.25,4,1
S1210,2025-09-12,ENG101,76.68,4,1
S1211,2024-03-21,CSE101,51.99,4,1
S1211,2024-09-17,MTH101,56.33,4,1
S1211,2025-03-16,PHY101,69.97,4,1
S1211,2025-09-12,ENG101,48.39,4,1
S1212,2024-03-21,CSE101,76.83,4,1
S1212,2024-09-17,MTH101,76.83,4,1
S1212,2025-03-16,PHY101,67.44,4,1
S1212,2025-09-12,ENG101,71.83,4,1
S1213,2024-03-21,CSE101,83.75,4,1
S1213,2024-09-17,MTH101,75.74,4,1
S1213,2025-03-16,PHY101,87.61,4,1
S1213,2025-09-12,ENG101,97.05,4,1
S1214,2024-03-21,CSE101,42.92,4,1
S1214,2024-09-17,MTH101,62.03,4,1
S1214,2025-03-16,PHY101,58.37,4,1
S1214,2025-09-12,ENG101,78.02,4,1
S1215,2024-03-21,CSE101,71.71,4,1
S1215,2024-09-17,MTH101,56.83,4,1
S1215,2025-03-16,PHY101,69.97,4,1
S1215,2025-09-12,ENG101,66.52,4,1
S1216,2024-03-21,CSE101,71.26,4,1
S1216,2024-09-17,MTH101,28.45,4,0
S1216,2025-03-16,PHY101,74.72,4,1
S1216,2025-09-12,ENG101,81.97,4,1
S1217,2024-03-21,CSE101,73.08,4,1
S1217,2024-09-17,MTH101,71.23,4,1
S1217,2025-03-16,PHY101,86.88,4,1
S1217,2025-09-12,ENG101,72.92,4,1
S1218,2024-03-21,CSE101,82.04,4,1
S1218,2024-09-17,MTH101,82.54,4,1
S1218,2025-03-16,PHY101,68.7,4,1
S1218,2025-09-12,ENG101,70.06,4,1
S1219,2024-03-21,CSE101,78.33,4,1
S1219,2024-09-17,MTH101,70.81,4,1
S1219,2025-03-16,PHY101,76.43,4,1
S1219,2025-09-12,ENG101,86.42,4,1
S1220,2024-03-21,CSE101,75.33,4,1
S1220,2024-09-17,MTH101,53.71,4,1
S1220,2025-03-16,PHY101,55.43,4,1
S1220,2025-09-12,ENG101,86.02,4,1
S1221,2024-03-21,CSE101,49.05,4,1
S1221,2024-09-17,MTH101,50.96,4,1
S1221,2025-03-16,PHY101,60.88,4,1
S1221,2025-09-12,ENG101,61.23,4,1
S1222,2024-03-21,CSE101,41.73,4,1
S1222,2024-09-17,MTH101,57.97,4,1
S1222,2025-03-16,PHY101,56.38,4,1
S1222,2025-09-12,ENG101,60.33,4,1
S1223,2024-03-21,CSE101,57.13,4,1
S1223,2024-09-17,MTH101,54.94,4,1
S1223,2025-03-16,PHY101,42.57,4,1
S1223,2025-09-12,ENG101,61.13,4,1
S1224,2024-03-21,CSE101,59.62,4,1
S1224,2024-09-17,MTH101,66.82,4,1
S1224,2025-03-16,PHY101,63.94,4,1
S1224,2025-09-12,ENG101,70.73,4,1
S1225,2024-03-21,CSE101,62.9,4,1
S1225,2024-09-17,MTH101,86.28,4,1
S1225,2025-03-16,PHY101,49.32,4,1
S1225,2025-09-12,ENG101,68.49,4,1
S1226,2024-03-21,CSE101,83.12,4,1
S1226,2024-09-17,MTH101,55.24,4,1
S1226,2025-03-16,PHY101,66.6,4,1
S1226,2025-09-12,ENG101,72.34,4,1
S1227,2024-03-21,CSE101,58.78,4,1
S1227,2024-09-17,MTH101,72.5,4,1
S1227,2025-03-16,PHY101,76.96,4,1
S1227,2025-09-12,ENG101,43.05,4,1
S1228,2024-03-21,CSE101,79.32,4,1
S1228,2024-09-17,MTH101,77.49,4,1
S1228,2025-03-16,PHY101,58.02,4,1
S1228,2025-09-12,ENG101,66.0,4,1
S1229,2024-03-21,CSE101,66.19,4,1
S1229,2024-09-17,MTH101,63.25,4,1
S1229,2025-03-16,PHY101,77.51,4,1
S1229,2025-09-12,ENG101,62.96,4,1
S1230,2024-03-21,CSE101,65.78,4,1
S1230,2024-09-17,MTH101,63.17,4,1
S1230,2025-03-16,PHY101,77.4,4,1
S1230,2025-09-12,ENG101,52.82,4,1
S1231,2024-03-21,CSE101,81.87,4,1
S1231,2024-09-17,MTH101,73.49,4,1
S1231,2025-03-16,PHY101,54.87,4,1
S1231,2025-09-12,ENG101,67.01,4,1
S1232,2024-03-21,CSE101,43.0,4,1
S1232,2024-09-17,MTH101,50.23,4,1
S1232,2025-03-16,PHY101,61.76,4,1
S1232,2025-09-12,ENG101,70.52,4,1
S1233,2024-03-21,CSE101,64.97,4,1
S1233,2024-09-17,MTH101,89.18,4,1
S1233,2025-03-16,PHY101,71.68,4,1
S1233,2025-09-12,ENG101,70.19,4,1
S1234,2024-03-21,CSE101,78.44,4,1
S1234,2024-09-17,MTH101,57.61,4,1
S1234,2025-03-16,PHY101,65.23,4,1
S1234,2025-09-12,ENG101,78.61,4,1
S1235,2024-03-21,CSE101,63.89,4,1
S1235,2024-09-17,MTH101,38.76,4,0
S1235,2025-03-16,PHY101,56.42,4,1
S1235,2025-09-12,ENG101,68.58,4,1
S1236,2024-03-21,CSE101,60.52,4,1
S1236,2024-09-17,MTH101,74.48,4,1
S1236,2025-03-16,PHY101,63.9,4,1
S1236,2025-09-12,ENG101,71.27,4,1
S1237,2024-03-21,CSE101,63.53,4,1
S1237,2024-09-17,MTH101,63.79,4,1
S1237,2025-03-16,PHY101,79.86,4,1
S1237,2025-09-12,ENG101,79.86,4,1
S1238,2024-03-21,CSE101,67.25,4,1
S1238,2024-09-17,MTH101,65.65,4,1
S1238,2025-03-16,PHY101,73.6,4,1
S1238,2025-09-12,ENG101,87.35,4,1
S1239,2024-03-21,CSE101,63.31,4,1
S1239,2024-09-17,MTH101,66.04,4,1
S1239,2025-03-16,PHY101,62.96,4,1
S1239,2025-09-12,ENG101,67.49,4,1
S1240,2024-03-21,CSE101,63.05,4,1
S1240,2024-09-17,MTH101,63.65,4,1
S1240,2025-03-16,PHY101,55.28,4,1
S1240,2025-09-12,ENG101,48.14,4,1
S1241,2024-03-21,CSE101,77.94,4,1
S1241,2024-09-17,MTH101,84.73,4,1
S1241,2025-03-16,PHY101,81.87,4,1
S1241,2025-09-12,ENG101,70.42,4,1
S1242,2024-03-21,CSE101,58.7,4,1
S1242,2024-09-17,MTH101,61.03,4,1
S1242,2025-03-16,PHY101,56.9,4,1
S1242,2025-09-12,ENG101,78.52,4,1
S1243,2024-03-21,CSE101,67.6,4,1
S1243,2024-09-17,MTH101,71.12,4,1
S1243,2025-03-16,PHY101,86.81,4,1
S1243,2025-09-12,ENG101,80.43,4,1
S1244,2024-03-21,CSE101,100.0,4,1
S1244,2024-09-17,MTH101,74.12,4,1
S1244,2025-03-16,PHY101,61.49,4,1
S1244,2025-09-12,ENG101,73.68,4,1
S1245,2024-03-21,CSE101,64.6,4,1
S1245,2024-09-17,MTH101,69.24,4,1
S1245,2025-03-16,PHY101,67.25,4,1
S1245,2025-09-12,ENG101,61.11,4,1
S1246,2024-03-21,CSE101,75.32,4,1
S1246,2024-09-17,MTH101,75.67,4,1
S1246,2025-03-16,PHY101,56.21,4,1
S1246,2025-09-12,ENG101,66.15,4,1
S1247,2024-03-21,CSE101,74.56,4,1
S1247,2024-09-17,MTH101,70.51,4,1
S1247,2025-03-16,PHY101,69.28,4,1
S1247,2025-09-12,ENG101,79.98,4,1
S1248,2024-03-21,CSE101,63.33,4,1
S1248,2024-09-17,MTH101,55.11,4,1
S1248,2025-03-16,PHY101,59.83,4,1
S1248,2025-09-12,ENG101,79.18,4,1
S1249,2024-03-21,CSE101,59.58,4,1
S1249,2024-09-17,MTH101,73.82,4,1
S1249,2025-03-16,PHY101,56.27,4,1
S1249,2025-09-12,ENG101,44.17,4,1
S1250,2024-03-21,CSE101,76.83,4,1
S1250,2024-09-17,MTH101,70.45,4,1
S1250,2025-03-16,PHY101,60.12,4,1
S1250,2025-09-12,ENG101,71.64,4,1
S1251,2024-03-21,CSE101,71.8,4,1
S1251,2024-09-17,MTH101,57.12,4,1
S1251,2025-03-16,PHY101,62.01,4,1
S1251,2025-09-12,ENG101,53.6,4,1
S1252,2024-03-21,CSE101,42.23,4,1
S1252,2024-09-17,MTH101,61.88,4,1
S1252,2025-03-16,PHY101,50.97,4,1
S1252,2025-09-12,ENG101,67.11,4,1
S1253,2024-03-21,CSE101,64.92,4,1
S1253,2024-09-17,MTH101,47.46,4,1
S1253,2025-03-16,PHY101,52.8,4,1
S1253,2025-09-12,ENG101,47.8,4,1
S1254,2024-03-21,CSE101,68.15,4,1
S1254,2024-09-17,MTH101,66.95,4,1
S1254,2025-03-16,PHY101,41.91,4,1
S1254,2025-09-12,ENG101,71.5,4,1
S1255,2024-03-21,CSE101,55.51,4,1
S1255,2024-09-17,MTH101,78.21,4,1
S1255,2025-03-16,PHY101,82.56,4,1
S1255,2025-09-12,ENG101,62.67,4,1
S1256,2024-03-21,CSE101,60.57,4,1
S1256,2024-09-17,MTH101,76.93,4,1
S1256,2025-03-16,PHY101,65.04,4,1
S1256,2025-09-12,ENG101,79.44,4,1
S1257,2024-03-21,CSE101,53.02,4,1
S1257,2024-09-17,MTH101,68.08,4,1
S1257,2025-03-16,PHY101,86.92,4,1
S1257,2025-09-12,ENG101,73.63,4,1
S1258,2024-03-21,CSE101,63.99,4,1
S1258,2024-09-17,MTH101,57.99,4,1
S1258,2025-03-16,PHY101,36.08,4,0
S1258,2025-09-12,ENG101,45.79,4,1
S1259,2024-03-21,CSE101,70.71,4,1
S1259,2024-09-17,MTH101,49.21,4,1
S1259,2025-03-16,PHY101,68.39,4,1
S1259,2025-09-12,ENG101,84.89,4,1
S1260,2024-03-21,CSE101,84.78,4,1
S1260,2024-09-17,MTH101,78.38,4,1
S1260,2025-03-16,PHY101,57.0,4,1
S1260,2025-09-12,ENG101,63.86,4,1
S1261,2024-03-21,CSE101,75.47,4,1
S1261,2024-09-17,MTH101,50.74,4,1
S1261,2025-03-16,PHY101,60.76,4,1
S1261,2025-09-12,ENG101,51.5,4,1
S1262,2024-03-21,CSE101,59.35,4,1
S1262,2024-09-17,MTH101,71.13,4,1
S1262,2025-03-16,PHY101,67.16,4,1
S1262,2025-09-12,ENG101,69.14,4,1
S1263,2024-03-21,CSE101,78.29,4,1
S1263,2024-09-17,MTH101,68.45,4,1
S1263,2025-03-16,PHY101,88.51,4,1
S1263,2025-09-12,ENG101,61.62,4,1
S1264,2024-03-21,CSE101,60.53,4,1
S1264,2024-09-17,MTH101,63.85,4,1
S1264,2025-03-16,PHY101,74.85,4,1
S1264,2025-09-12,ENG101,72.83,4,1
S1265,2024-03-21,CSE101,63.96,4,1
S1265,2024-09-17,MTH101,70.2,4,1
S1265,2025-03-16,PHY101,58.91,4,1
S1265,2025-09-12,ENG101,84.5,4,1
S1266,2024-03-21,CSE101,48.54,4,1
S1266,2024-09-17,MTH101,61.73,4,1
S1266,2025-03-16,PHY101,67.97,4,1
S1266,2025-09-12,ENG101,65.57,4,1
S1267,2024-03-21,CSE101,40.92,4,1
S1267,2024-09-17,MTH101,52.86,4,1
S1267,2025-03-16,PHY101,55.45,4,1
S1267,2025-09-12,ENG101,48.45,4,1
S1268,2024-03-21,CSE101,70.41,4,1
S1268,2024-09-17,MTH101,76.36,4,1
S1268,2025-03-16,PHY101,67.93,4,1
S1268,2025-09-12,ENG101,61.11,4,1
S1269,2024-03-21,CSE101,79.8,4,1
S1269,2024-09-17,MTH101,91.52,4,1
S1269,2025-03-16,PHY101,50.55,4,1
S1269,2025-09-12,ENG101,73.75,4,1
S1270,2024-03-21,CSE101,85.59,4,1
S1270,2024-09-17,MTH101,64.15,4,1
S1270,2025-03-16,PHY101,73.86,4,1
S1270,2025-09-12,ENG101,68.23,4,1
S1271,2024-03-21,CSE101,77.44,4,1
S1271,2024-09-17,MTH101,78.1,4,1
S1271,2025-03-16,PHY101,68.49,4,1
S1271,2025-09-12,ENG101,91.7,4,1
S1272,2024-03-21,CSE101,76.38,4,1
S1272,2024-09-17,MTH101,96.74,4,1
S1272,2025-03-16,PHY101,74.61,4,1
S1272,2025-09-12,ENG101,90.21,4,1
S1273,2024-03-21,CSE101,72.85,4,1
S1273,2024-09-17,MTH101,56.86,4,1
S1273,2025-03-16,PHY101,68.43,4,1
S1273,2025-09-12,ENG101,73.75,4,1
S1274,2024-03-21,CSE101,63.23,4,1
S1274,2024-09-17,MTH101,67.9,4,1
S1274,2025-03-16,PHY101,70.14,4,1
S1274,2025-09-12,ENG101,76.42,4,1
S1275,2024-03-21,CSE101,70.56,4,1
S1275,2024-09-17,MTH101,66.5,4,1
S1275,2025-03-16,PHY101,73.64,4,1
S1275,2025-09-12,ENG101,60.9,4,1
S1276,2024-03-21,CSE101,65.93,4,1
S1276,2024-09-17,MTH101,80.38,4,1
S1276,2025-03-16,PHY101,66.89,4,1
S1276,2025-09-12,ENG101,60.21,4,1
S1277,2024-03-21,CSE101,85.86,4,1
S1277,2024-09-17,MTH101,100.0,4,1
S1277,2025-03-16,PHY101,77.73,4,1
S1277,2025-09-12,ENG101,85.52,4,1
S1278,2024-03-21,CSE101,51.72,4,1
S1278,2024-09-17,MTH101,40.43,4,1
S1278,2025-03-16,PHY101,58.87,4,1
S1278,2025-09-12,ENG101,92.22,4,1
S1279,2024-03-21,CSE101,61.39,4,1
S1279,2024-09-17,MTH101,79.33,4,1
S1279,2025-03-16,PHY101,73.58,4,1
S1279,2025-09-12,ENG101,74.35,4,1
S1280,2024-03-21,CSE101,76.23,4,1
S1280,2024-09-17,MTH101,74.53,4,1
S1280,2025-03-16,PHY101,71.61,4,1
S1280,2025-09-12,ENG101,77.93,4,1
S1281,2024-03-21,CSE101,55.49,4,1
S1281,2024-09-17,MTH101,70.95,4,1
S1281,2025-03-16,PHY101,72.11,4,1
S1281,2025-09-12,ENG101,71.97,4,1
S1282,2024-03-21,CSE101,74.1,4,1
S1282,2024-09-17,MTH101,87.03,4,1
S1282,2025-03-16,PHY101,93.64,4,1
S1282,2025-09-12,ENG101,69.11,4,1
S1283,2024-03-21,CSE101,85.91,4,1
S1283,2024-09-17,MTH101,76.45,4,1
S1283,2025-03-16,PHY101,56.73,4,1
S1283,2025-09-12,ENG101,62.48,4,1
S1284,2024-03-21,CSE101,72.63,4,1
S1284,2024-09-17,MTH101,62.79,4,1
S1284,2025-03-16,PHY101,52.89,4,1
S1284,2025-09-12,ENG101,62.59,4,1
S1285,2024-03-21,CSE101,74.66,4,1
S1285,2024-09-17,MTH101,76.24,4,1
S1285,2025-03-16,PHY101,76.89,4,1
S1285,2025-09-12,ENG101,82.45,4,1
S1286,2024-03-21,CSE101,79.31,4,1
S1286,2024-09-17,MTH101,83.07,4,1
S1286,2025-03-16,PHY101,55.02,4,1
S1286,2025-09-12,ENG101,63.27,4,1
S1287,2024-03-21,CSE101,66.17,4,1
S1287,2024-09-17,MTH101,71.5,4,1
S1287,2025-03-16,PHY101,68.77,4,1
S1287,2025-09-12,ENG101,63.19,4,1
S1288,2024-03-21,CSE101,79.94,4,1
S1288,2024-09-17,MTH101,75.44,4,1
S1288,2025-03-16,PHY101,68.42,4,1
S1288,2025-09-12,ENG101,72.88,4,1
S1289,2024-03-21,CSE101,63.52,4,1
S1289,2024-09-17,MTH101,77.13,4,1
S1289,2025-03-16,PHY101,63.02,4,1
S1289,2025-09-12,ENG101,50.08,4,1
S1290,2024-03-21,CSE101,65.07,4,1
S1290,2024-09-17,MTH101,59.87,4,1
S1290,2025-03-16,PHY101,73.19,4,1
S1290,2025-09-12,ENG101,64.92,4,1
S1291,2024-03-21,CSE101,56.82,4,1
S1291,2024-09-17,MTH101,74.38,4,1
S1291,2025-03-16,PHY101,56.15,4,1
S1291,2025-09-12,ENG101,64.11,4,1
S1292,2024-03-21,CSE101,61.71,4,1
S1292,2024-09-17,MTH101,52.39,4,1
S1292,2025-03-16,PHY101,81.57,4,1
S1292,2025-09-12,ENG101,64.2,4,1
S1293,2024-03-21,CSE101,84.69,4,1
S1293,2024-09-17,MTH101,42.03,4,1
S1293,2025-03-16,PHY101,58.12,4,1
S1293,2025-09-12,ENG101,60.3,4,1
S1294,2024-03-21,CSE101,82.7,4,1
S1294,2024-09-17,MTH101,81.9,4,1
S1294,2025-03-16,PHY101,39.16,4,0
S1294,2025-09-12,ENG101,72.94,4,1
S1295,2024-03-21,CSE101,61.99,4,1
S1295,2024-09-17,MTH101,63.79,4,1
S1295,2025-03-16,PHY101,49.52,4,1
S1295,2025-09-12,ENG101,61.19,4,1
S1296,2024-03-21,CSE101,69.39,4,1
S1296,2024-09-17,MTH101,79.83,4,1
S1296,2025-03-16,PHY101,72.05,4,1
S1296,2025-09-12,ENG101,60.81,4,1
S1297,2024-03-21,CSE101,47.4,4,1
S1297,2024-09-17,MTH101,54.46,4,1
S1297,2025-03-16,PHY101,82.59,4,1
S1297,2025-09-12,ENG101,63.62,4,1
S1298,2024-03-21,CSE101,86.1,4,1
S1298,2024-09-17,MTH101,41.02,4,1
S1298,2025-03-16,PHY101,87.16,4,1
S1298,2025-09-12,ENG101,71.18,4,1
S1299,2024-03-21,CSE101,74.11,4,1
S1299,2024-09-17,MTH101,97.25,4,1
S1299,2025-03-16,PHY101,98.51,4,1
S1299,2025-09-12,ENG101,76.6,4,1
S1300,2024-03-21,CSE101,65.65,4,1
S1300,2024-09-17,MTH101,76.03,4,1
S1300,2025-03-16,PHY101,72.66,4,1
S1300,2025-09-12,ENG101,63.59,4,1
S1301,2024-03-21,CSE101,65.12,4,1
S1301,2024-09-17,MTH101,75.79,4,1
S1301,2025-03-16,PHY101,74.05,4,1
S1301,2025-09-12,ENG101,66.96,4,1
S1302,2024-03-21,CSE101,43.84,4,1
S1302,2024-09-17,MTH101,50.34,4,1
S1302,2025-03-16,PHY101,68.77,4,1
S1302,2025-09-12,ENG101,59.24,4,1
S1303,2024-03-21,CSE101,81.9,4,1
S1303,2024-09-17,MTH101,69.13,4,1
S1303,2025-03-16,PHY101,64.07,4,1
S1303,2025-09-12,ENG101,83.7,4,1
S1304,2024-03-21,CSE101,83.39,4,1
S1304,2024-09-17,MTH101,79.54,4,1
S1304,2025-03-16,PHY101,76.73,4,1
S1304,2025-09-12,ENG101,76.0,4,1
S1305,2024-03-21,CSE101,78.83,4,1
S1305,2024-09-17,MTH101,56.34,4,1
S1305,2025-03-16,PHY101,35.1,4,0
S1305,2025-09-12,ENG101,77.16,4,1
S1306,2024-03-21,CSE101,81.72,4,1
S1306,2024-09-17,MTH101,76.14,4,1
S1306,2025-03-16,PHY101,88.61,4,1
S1306,2025-09-12,ENG101,91.41,4,1
S1307,2024-03-21,CSE101,68.45,4,1
S1307,2024-09-17,MTH101,56.85,4,1
S1307,2025-03-16,PHY101,72.78,4,1
S1307,2025-09-12,ENG101,68.91,4,1
S1308,2024-03-21,CSE101,65.52,4,1
S1308,2024-09-17,MTH101,46.0,4,1
S1308,2025-03-16,PHY101,47.74,4,1
S1308,2025-09-12,ENG101,63.32,4,1
S1309,2024-03-21,CSE101,93.26,4,1
S1309,2024-09-17,MTH101,67.23,4,1
S1309,2025-03-16,PHY101,69.67,4,1
S1309,2025-09-12,ENG101,97.11,4,1
S1310,2024-03-21,CSE101,52.84,4,1
S1310,2024-09-17,MTH101,61.85,4,1
S1310,2025-03-16,PHY101,46.96,4,1
S1310,2025-09-12,ENG101,53.89,4,1
S1311,2024-03-21,CSE101,69.71,4,1
S1311,2024-09-17,MTH101,86.32,4,1
S1311,2025-03-16,PHY101,87.7,4,1
S1311,2025-09-12,ENG101,64.11,4,1
S1312,2024-03-21,CSE101,42.32,4,1
S1312,2024-09-17,MTH101,68.05,4,1
S1312,2025-03-16,PHY101,56.05,4,1
S1312,2025-09-12,ENG101,52.38,4,1
S1313,2024-03-21,CSE101,75.59,4,1
S1313,2024-09-17,MTH101,83.46,4,1
S1313,2025-03-16,PHY101,79.29,4,1
S1313,2025-09-12,ENG101,73.34,4,1
S1314,2024-03-21,CSE101,56.07,4,1
S1314,2024-09-17,MTH101,34.8,4,0
S1314,2025-03-16,PHY101,65.51,4,1
S1314,2025-09-12,ENG101,78.3,4,1
S1315,2024-03-21,CSE101,85.96,4,1
S1315,2024-09-17,MTH101,49.41,4,1
S1315,2025-03-16,PHY101,66.24,4,1
S1315,2025-09-12,ENG101,66.41,4,1
S1316,2024-03-21,CSE101,75.95,4,1
S1316,2024-09-17,MTH101,60.98,4,1
S1316,2025-03-16,PHY101,80.93,4,1
S1316,2025-09-12,ENG101,72.56,4,1
S1317,2024-03-21,CSE101,80.21,4,1
S1317,2024-09-17,MTH101,88.14,4,1
S1317,2025-03-16,PHY101,52.97,4,1
S1317,2025-09-12,ENG101,75.56,4,1
S1318,2024-03-21,CSE101,77.72,4,1
S1318,2024-09-17,MTH101,82.85,4,1
S1318,2025-03-16,PHY101,74.16,4,1
S1318,2025-09-12,ENG101,65.02,4,1
S1319,2024-03-21,CSE101,51.05,4,1
S1319,2024-09-17,MTH101,76.67,4,1
S1319,2025-03-16,PHY101,58.4,4,1
S1319,2025-09-12,ENG101,65.49,4,1
S1320,2024-03-21,CSE101,74.42,4,1
S1320,2024-09-17,MTH101,62.13,4,1
S1320,2025-03-16,PHY101,57.57,4,1
S1320,2025-09-12,ENG101,80.83,4,1
S1321,2024-03-21,CSE101,70.2,4,1
S1321,2024-09-17,MTH101,69.88,4,1
S1321,2025-03-16,PHY101,52.24,4,1
S1321,2025-09-12,ENG101,72.52,4,1
S1322,2024-03-21,CSE101,75.55,4,1
S1322,2024-09-17,MTH101,81.17,4,1
S1322,2025-03-16,PHY101,73.8,4,1
S1322,2025-09-12,ENG101,67.49,4,1
S1323,2024-03-21,CSE101,58.79,4,1
S1323,2024-09-17,MTH101,66.42,4,1
S1323,2025-03-16,PHY101,51.36,4,1
S1323,2025-09-12,ENG101,71.92,4,1
S1324,2024-03-21,CSE101,59.8,4,1
S1324,2024-09-17,MTH101,90.3,4,1
S1324,2025-03-16,PHY101,61.58,4,1
S1324,2025-09-12,ENG101,79.4,4,1
S1325,2024-03-21,CSE101,75.35,4,1
S1325,2024-09-17,MTH101,62.09,4,1
S1325,2025-03-16,PHY101,85.05,4,1
S1325,2025-09-12,ENG101,67.92,4,1
S1326,2024-03-21,CSE101,61.9,4,1
S1326,2024-09-17,MTH101,66.02,4,1
S1326,2025-03-16,PHY101,63.89,4,1
S1326,2025-09-12,ENG101,69.37,4,1
S1327,2024-03-21,CSE101,76.01,4,1
S1327,2024-09-17,MTH101,75.94,4,1
S1327,2025-03-16,PHY101,80.14,4,1
S1327,2025-09-12,ENG101,64.81,4,1
S1328,2024-03-21,CSE101,67.83,4,1
S1328,2024-09-17,MTH101,63.58,4,1
S1328,2025-03-16,PHY101,82.53,4,1
S1328,2025-09-12,ENG101,58.54,4,1
S1329,2024-03-21,CSE101,75.36,4,1
S1329,2024-09-17,MTH101,59.39,4,1
S1329,2025-03-16,PHY101,66.77,4,1
S1329,2025-09-12,ENG101,70.99,4,1
S1330,2024-03-21,CSE101,82.44,4,1
S1330,2024-09-17,MTH101,75.83,4,1
S1330,2025-03-16,PHY101,86.3,4,1
S1330,2025-09-12,ENG101,69.77,4,1
S1331,2024-03-21,CSE101,81.77,4,1
S1331,2024-09-17,MTH101,68.66,4,1
S1331,2025-03-16,PHY101,73.86,4,1
S1331,2025-09-12,ENG101,73.2,4,1
S1332,2024-03-21,CSE101,58.86,4,1
S1332,2024-09-17,MTH101,78.83,4,1
S1332,2025-03-16,PHY101,63.16,4,1
S1332,2025-09-12,ENG101,67.58,4,1
S1333,2024-03-21,CSE101,37.99,4,0
S1333,2024-09-17,MTH101,70.22,4,1
S1333,2025-03-16,PHY101,77.73,4,1
S1333,2025-09-12,ENG101,74.38,4,1
S1334,2024-03-21,CSE101,51.89,4,1
S1334,2024-09-17,MTH101,78.13,4,1
S1334,2025-03-16,PHY101,51.53,4,1
S1334,2025-09-12,ENG101,51.02,4,1
S1335,2024-03-21,CSE101,58.53,4,1
S1335,2024-09-17,MTH101,72.64,4,1
S1335,2025-03-16,PHY101,75.89,4,1
S1335,2025-09-12,ENG101,65.11,4,1
S1336,2024-03-21,CSE101,46.91,4,1
S1336,2024-09-17,MTH101,65.69,4,1
S1336,2025-03-16,PHY101,77.38,4,1
S1336,2025-09-12,ENG101,80.34,4,1
S1337,2024-03-21,CSE101,64.51,4,1
S1337,2024-09-17,MTH101,60.51,4,1
S1337,2025-03-16,PHY101,64.36,4,1
S1337,2025-09-12,ENG101,66.69,4,1
S1338,2024-03-21,CSE101,36.13,4,0
S1338,2024-09-17,MTH101,48.82,4,1
S1338,2025-03-16,PHY101,71.25,4,1
S1338,2025-09-12,ENG101,63.62,4,1
S1339,2024-03-21,CSE101,56.05,4,1
S1339,2024-09-17,MTH101,75.02,4,1
S1339,2025-03-16,PHY101,64.16,4,1
S1339,2025-09-12,ENG101,49.41,4,1
S1340,2024-03-21,CSE101,49.3,4,1
S1340,2024-09-17,MTH101,76.72,4,1
S1340,2025-03-16,PHY101,54.29,4,1
S1340,2025-09-12,ENG101,77.69,4,1
S1341,2024-03-21,CSE101,64.93,4,1
S1341,2024-09-17,MTH101,58.83,4,1
S1341,2025-03-16,PHY101,62.79,4,1
S1341,2025-09-12,ENG101,76.39,4,1
S1342,2024-03-21,CSE101,66.31,4,1
S1342,2024-09-17,MTH101,75.95,4,1
S1342,2025-03-16,PHY101,73.73,4,1
S1342,2025-09-12,ENG101,65.34,4,1
S1343,2024-03-21,CSE101,59.73,4,1
S1343,2024-09-17,MTH101,50.1,4,1
S1343,2025-03-16,PHY101,68.61,4,1
S1343,2025-09-12,ENG101,73.42,4,1
S1344,2024-03-21,CSE101,45.73,4,1
S1344,2024-09-17,MTH101,52.89,4,1
S1344,2025-03-16,PHY101,72.12,4,1
S1344,2025-09-12,ENG101,62.8,4,1
S1345,2024-03-21,CSE101,81.13,4,1
S1345,2024-09-17,MTH101,67.45,4,1
S1345,2025-03-16,PHY101,76.52,4,1
S1345,2025-09-12,ENG101,64.98,4,1
S1346,2024-03-21,CSE101,62.66,4,1
S1346,2024-09-17,MTH101,79.7,4,1
S1346,2025-03-16,PHY101,63.56,4,1
S1346,2025-09-12,ENG101,67.02,4,1
S1347,2024-03-21,CSE101,70.72,4,1
S1347,2024-09-17,MTH101,77.74,4,1
S1347,2025-03-16,PHY101,72.69,4,1
S1347,2025-09-12,ENG101,68.4,4,1
S1348,2024-03-21,CSE101,52.08,4,1
S1348,2024-09-17,MTH101,50.44,4,1
S1348,2025-03-16,PHY101,48.48,4,1
S1348,2025-09-12,ENG101,72.17,4,1
S1349,2024-03-21,CSE101,82.68,4,1
S1349,2024-09-17,MTH101,73.07,4,1
S1349,2025-03-16,PHY101,73.68,4,1
S1349,2025-09-12,ENG101,69.99,4,1
S1350,2024-03-21,CSE101,42.42,4,1
S1350,2024-09-17,MTH101,76.62,4,1
S1350,2025-03-16,PHY101,67.04,4,1
S1350,2025-09-12,ENG101,86.37,4,1
S1351,2024-03-21,CSE101,69.05,4,1
S1351,2024-09-17,MTH101,83.61,4,1
S1351,2025-03-16,PHY101,82.46,4,1
S1351,2025-09-12,ENG101,70.77,4,1
S1352,2024-03-21,CSE101,68.06,4,1
S1352,2024-09-17,MTH101,57.65,4,1
S1352,2025-03-16,PHY101,73.97,4,1
S1352,2025-09-12,ENG101,69.1,4,1
S1353,2024-03-21,CSE101,63.16,4,1
S1353,2024-09-17,MTH101,48.28,4,1
S1353,2025-03-16,PHY101,68.03,4,1
S1353,2025-09-12,ENG101,65.72,4,1
S1354,2024-03-21,CSE101,64.16,4,1
S1354,2024-09-17,MTH101,37.28,4,0
S1354,2025-03-16,PHY101,62.35,4,1
S1354,2025-09-12,ENG101,50.44,4,1
S1355,2024-03-21,CSE101,62.31,4,1
S1355,2024-09-17,MTH101,58.13,4,1
S1355,2025-03-16,PHY101,55.85,4,1
S1355,2025-09-12,ENG101,56.44,4,1
S1356,2024-03-21,CSE101,78.44,4,1
S1356,2024-09-17,MTH101,72.78,4,1
S1356,2025-03-16,PHY101,68.03,4,1
S1356,2025-09-12,ENG101,59.49,4,1
S1357,2024-03-21,CSE101,72.99,4,1
S1357,2024-09-17,MTH101,53.48,4,1
S1357,2025-03-16,PHY101,57.6,4,1
S1357,2025-09-12,ENG101,69.23,4,1
S1358,2024-03-21,CSE101,61.34,4,1
S1358,2024-09-17,MTH101,72.17,4,1
S1358,2025-03-16,PHY101,83.12,4,1
S1358,2025-09-12,ENG101,52.67,4,1
S1359,2024-03-21,CSE101,41.94,4,1
S1359,2024-09-17,MTH101,31.14,4,0
S1359,2025-03-16,PHY101,61.18,4,1
S1359,2025-09-12,ENG101,70.96,4,1
S1360,2024-03-21,CSE101,57.9,4,1
S1360,2024-09-17,MTH101,59.82,4,1
S1360,2025-03-16,PHY101,71.12,4,1
S1360,2025-09-12,ENG101,78.29,4,1
S1361,2024-03-21,CSE101,77.45,4,1
S1361,2024-09-17,MTH101,69.86,4,1
S1361,2025-03-16,PHY101,63.1,4,1
S1361,2025-09-12,ENG101,56.59,4,1
S1362,2024-03-21,CSE101,77.36,4,1
S1362,2024-09-17,MTH101,62.79,4,1
S1362,2025-03-16,PHY101,53.74,4,1
S1362,2025-09-12,ENG101,83.6,4,1
S1363,2024-03-21,CSE101,86.46,4,1
S1363,2024-09-17,MTH101,85.72,4,1
S1363,2025-03-16,PHY101,78.57,4,1
S1363,2025-09-12,ENG101,75.64,4,1
S1364,2024-03-21,CSE101,58.86,4,1
S1364,2024-09-17,MTH101,69.78,4,1
S1364,2025-03-16,PHY101,73.26,4,1
S1364,2025-09-12,ENG101,52.53,4,1
S1365,2024-03-21,CSE101,82.66,4,1
S1365,2024-09-17,MTH101,90.1,4,1
S1365,2025-03-16,PHY101,56.99,4,1
S1365,2025-09-12,ENG101,52.58,4,1
S1366,2024-03-21,CSE101,64.41,4,1
S1366,2024-09-17,MTH101,74.19,4,1
S1366,2025-03-16,PHY101,75.84,4,1
S1366,2025-09-12,ENG101,71.31,4,1
S1367,2024-03-21,CSE101,83.08,4,1
S1367,2024-09-17,MTH101,81.34,4,1
S1367,2025-03-16,PHY101,77.74,4,1
S1367,2025-09-12,ENG101,83.7,4,1
S1368,2024-03-21,CSE101,78.07,4,1
S1368,2024-09-17,MTH101,49.61,4,1
S1368,2025-03-16,PHY101,61.25,4,1
S1368,2025-09-12,ENG101,68.37,4,1
S1369,2024-03-21,CSE101,51.38,4,1
S1369,2024-09-17,MTH101,69.51,4,1
S1369,2025-03-16,PHY101,54.99,4,1
S1369,2025-09-12,ENG101,74.33,4,1
S1370,2024-03-21,CSE101,94.97,4,1
S1370,2024-09-17,MTH101,63.15,4,1
S1370,2025-03-16,PHY101,73.27,4,1
S1370,2025-09-12,ENG101,70.8,4,1
S1371,2024-03-21,CSE101,80.41,4,1
S1371,2024-09-17,MTH101,69.75,4,1
S1371,2025-03-16,PHY101,59.05,4,1
S1371,2025-09-12,ENG101,69.47,4,1
S1372,2024-03-21,CSE101,90.71,4,1
S1372,2024-09-17,MTH101,90.86,4,1
S1372,2025-03-16,PHY101,79.11,4,1
S1372,2025-09-12,ENG101,92.99,4,1
S1373,2024-03-21,CSE101,74.82,4,1
S1373,2024-09-17,MTH101,67.57,4,1
S1373,2025-03-16,PHY101,75.68,4,1
S1373,2025-09-12,ENG101,61.81,4,1
S1374,2024-03-21,CSE101,79.4,4,1
S1374,2024-09-17,MTH101,84.61,4,1
S1374,2025-03-16,PHY101,64.42,4,1
S1374,2025-09-12,ENG101,81.34,4,1
S1375,2024-03-21,CSE101,74.12,4,1
S1375,2024-09-17,MTH101,79.28,4,1
S1375,2025-03-16,PHY101,63.12,4,1
S1375,2025-09-12,ENG101,80.98,4,1
S1376,2024-03-21,CSE101,82.42,4,1
S1376,2024-09-17,MTH101,69.11,4,1
S1376,2025-03-16,PHY101,66.31,4,1
S1376,2025-09-12,ENG101,62.94,4,1
S1377,2024-03-21,CSE101,71.58,4,1
S1377,2024-09-17,MTH101,59.12,4,1
S1377,2025-03-16,PHY101,60.6,4,1
S1377,2025-09-12,ENG101,72.44,4,1
S1378,2024-03-21,CSE101,53.54,4,1
S1378,2024-09-17,MTH101,65.46,4,1
S1378,2025-03-16,PHY101,64.89,4,1
S1378,2025-09-12,ENG101,56.67,4,1
S1379,2024-03-21,CSE101,67.91,4,1
S1379,2024-09-17,MTH101,57.88,4,1
S1379,2025-03-16,PHY101,56.51,4,1
S1379,2025-09-12,ENG101,56.73,4,1
S1380,2024-03-21,CSE101,66.1,4,1
S1380,2024-09-17,MTH101,67.0,4,1
S1380,2025-03-16,PHY101,73.71,4,1
S1380,2025-09-12,ENG101,70.22,4,1
S1381,2024-03-21,CSE101,71.84,4,1
S1381,2024-09-17,MTH101,63.46,4,1
S1381,2025-03-16,PHY101,70.74,4,1
S1381,2025-09-12,ENG101,59.33,4,1
S1382,2024-03-21,CSE101,81.89,4,1
S1382,2024-09-17,MTH101,46.68,4,1
S1382,2025-03-16,PHY101,56.44,4,1
S1382,2025-09-12,ENG101,74.25,4,1
S1383,2024-03-21,CSE101,59.63,4,1
S1383,2024-09-17,MTH101,78.57,4,1
S1383,2025-03-16,PHY101,52.17,4,1
S1383,2025-09-12,ENG101,52.93,4,1
S1384,2024-03-21,CSE101,86.5,4,1
S1384,2024-09-17,MTH101,79.76,4,1
S1384,2025-03-16,PHY101,68.63,4,1
S1384,2025-09-12,ENG101,85.2,4,1
S1385,2024-03-21,CSE101,77.89,4,1
S1385,2024-09-17,MTH101,68.27,4,1
S1385,2025-03-16,PHY101,46.06,4,1
S1385,2025-09-12,ENG101,79.14,4,1
S1386,2024-03-21,CSE101,100.0,4,1
S1386,2024-09-17,MTH101,92.97,4,1
S1386,2025-03-16,PHY101,80.82,4,1
S1386,2025-09-12,ENG101,90.51,4,1
S1387,2024-03-21,CSE101,84.33,4,1
S1387,2024-09-17,MTH101,61.02,4,1
S1387,2025-03-16,PHY101,67.63,4,1
S1387,2025-09-12,ENG101,78.77,4,1
S1388,2024-03-21,CSE101,52.07,4,1
S1388,2024-09-17,MTH101,53.85,4,1
S1388,2025-03-16,PHY101,56.16,4,1
S1388,2025-09-12,ENG101,43.05,4,1
S1389,2024-03-21,CSE101,69.23,4,1
S1389,2024-09-17,MTH101,61.48,4,1
S1389,2025-03-16,PHY101,54.16,4,1
S1389,2025-09-12,ENG101,70.1,4,1
S1390,2024-03-21,CSE101,69.59,4,1
S1390,2024-09-17,MTH101,65.07,4,1
S1390,2025-03-16,PHY101,38.23,4,0
S1390,2025-09-12,ENG101,67.34,4,1
S1391,2024-03-21,CSE101,86.83,4,1
S1391,2024-09-17,MTH101,55.81,4,1
S1391,2025-03-16,PHY101,61.88,4,1
S1391,2025-09-12,ENG101,78.19,4,1
S1392,2024-03-21,CSE101,61.51,4,1
S1392,2024-09-17,MTH101,68.14,4,1
S1392,2025-03-16,PHY101,68.38,4,1
S1392,2025-09-12,ENG101,56.46,4,1
S1393,2024-03-21,CSE101,61.6,4,1
S1393,2024-09-17,MTH101,47.42,4,1
S1393,2025-03-16,PHY101,67.44,4,1
S1393,2025-09-12,ENG101,79.89,4,1
S1394,2024-03-21,CSE101,62.73,4,1
S1394,2024-09-17,MTH101,56.76,4,1
S1394,2025-03-16,PHY101,55.18,4,1
S1394,2025-09-12,ENG101,63.12,4,1
S1395,2024-03-21,CSE101,69.41,4,1
S1395,2024-09-17,MTH101,47.93,4,1
S1395,2025-03-16,PHY101,74.7,4,1
S1395,2025-09-12,ENG101,64.69,4,1
S1396,2024-03-21,CSE101,51.9,4,1
S1396,2024-09-17,MTH101,72.09,4,1
S1396,2025-03-16,PHY101,43.76,4,1
S1396,2025-09-12,ENG101,59.63,4,1
S1397,2024-03-21,CSE101,76.98,4,1
S1397,2024-09-17,MTH101,70.67,4,1
S1397,2025-03-16,PHY101,70.55,4,1
S1397,2025-09-12,ENG101,66.68,4,1
S1398,2024-03-21,CSE101,59.48,4,1
S1398,2024-09-17,MTH101,58.77,4,1
S1398,2025-03-16,PHY101,67.77,4,1
S1398,2025-09-12,ENG101,64.97,4,1
S1399,2024-03-21,CSE101,66.65,4,1
S1399,2024-09-17,MTH101,70.56,4,1
S1399,2025-03-16,PHY101,66.7,4,1
S1399,2025-09-12,ENG101,72.93,4,1
S1400,2024-03-21,CSE101,64.99,4,1
S1400,2024-09-17,MTH101,63.4,4,1
S1400,2025-03-16,PHY101,71.54,4,1
S1400,2025-09-12,ENG101,77.82,4,1
S1401,2024-03-21,CSE101,52.78,4,1
S1401,2024-09-17,MTH101,59.15,4,1
S1401,2025-03-16,PHY101,79.37,4,1
S1401,2025-09-12,ENG101,68.6,4,1
S1402,2024-03-21,CSE101,60.32,4,1
S1402,2024-09-17,MTH101,71.82,4,1
S1402,2025-03-16,PHY101,56.25,4,1
S1402,2025-09-12,ENG101,67.59,4,1
S1403,2024-03-21,CSE101,83.02,4,1
S1403,2024-09-17,MTH101,83.44,4,1
S1403,2025-03-16,PHY101,90.82,4,1
S1403,2025-09-12,ENG101,86.69,4,1
S1404,2024-03-21,CSE101,85.42,4,1
S1404,2024-09-17,MTH101,78.69,4,1
S1404,2025-03-16,PHY101,79.26,4,1
S1404,2025-09-12,ENG101,55.09,4,1
S1405,2024-03-21,CSE101,80.45,4,1
S1405,2024-09-17,MTH101,63.43,4,1
S1405,2025-03-16,PHY101,46.63,4,1
S1405,2025-09-12,ENG101,62.43,4,1
S1406,2024-03-21,CSE101,53.58,4,1
S1406,2024-09-17,MTH101,82.47,4,1
S1406,2025-03-16,PHY101,65.76,4,1
S1406,2025-09-12,ENG101,73.29,4,1
S1407,2024-03-21,CSE101,60.9,4,1
S1407,2024-09-17,MTH101,77.35,4,1
S1407,2025-03-16,PHY101,56.87,4,1
S1407,2025-09-12,ENG101,82.5,4,1
S1408,2024-03-21,CSE101,70.77,4,1
S1408,2024-09-17,MTH101,88.04,4,1
S1408,2025-03-16,PHY101,72.98,4,1
S1408,2025-09-12,ENG101,50.37,4,1
S1409,2024-03-21,CSE101,95.46,4,1
S1409,2024-09-17,MTH101,75.41,4,1
S1409,2025-03-16,PHY101,92.24,4,1
S1409,2025-09-12,ENG101,95.32,4,1
S1410,2024-03-21,CSE101,53.61,4,1
S1410,2024-09-17,MTH101,68.6,4,1
S1410,2025-03-16,PHY101,77.04,4,1
S1410,2025-09-12,ENG101,65.41,4,1
S1411,2024-03-21,CSE101,75.75,4,1
S1411,2024-09-17,MTH101,61.99,4,1
S1411,2025-03-16,PHY101,65.02,4,1
S1411,2025-09-12,ENG101,64.43,4,1
S1412,2024-03-21,CSE101,78.26,4,1
S1412,2024-09-17,MTH101,55.81,4,1
S1412,2025-03-16,PHY101,81.39,4,1
S1412,2025-09-12,ENG101,61.65,4,1
S1413,2024-03-21,CSE101,56.05,4,1
S1413,2024-09-17,MTH101,60.0,4,1
S1413,2025-03-16,PHY101,63.11,4,1
S1413,2025-09-12,ENG101,60.76,4,1
S1414,2024-03-21,CSE101,60.87,4,1
S1414,2024-09-17,MTH101,60.35,4,1
S1414,2025-03-16,PHY101,76.1,4,1
S1414,2025-09-12,ENG101,63.64,4,1
S1415,2024-03-21,CSE101,73.31,4,1
S1415,2024-09-17,MTH101,65.72,4,1
S1415,2025-03-16,PHY101,53.57,4,1
S1415,2025-09-12,ENG101,61.09,4,1
S1416,2024-03-21,CSE101,48.68,4,1
S1416,2024-09-17,MTH101,55.71,4,1
S1416,2025-03-16,PHY101,78.89,4,1
S1416,2025-09-12,ENG101,59.88,4,1
S1417,2024-03-21,CSE101,66.51,4,1
S1417,2024-09-17,MTH101,73.54,4,1
S1417,2025-03-16,PHY101,61.14,4,1
S1417,2025-09-12,ENG101,75.34,4,1
S1418,2024-03-21,CSE101,72.07,4,1
S1418,2024-09-17,MTH101,64.73,4,1
S1418,2025-03-16,PHY101,52.02,4,1
S1418,2025-09-12,ENG101,65.66,4,1
S1419,2024-03-21,CSE101,52.43,4,1
S1419,2024-09-17,MTH101,67.0,4,1
S1419,2025-03-16,PHY101,67.24,4,1
S1419,2025-09-12,ENG101,61.81,4,1
S1420,2024-03-21,CSE101,83.22,4,1
S1420,2024-09-17,MTH101,51.75,4,1
S1420,2025-03-16,PHY101,80.21,4,1
S1420,2025-09-12,ENG101,40.71,4,1
S1421,2024-03-21,CSE101,53.95,4,1
S1421,2024-09-17,MTH101,48.26,4,1
S1421,2025-03-16,PHY101,65.14,4,1
S1421,2025-09-12,ENG101,49.25,4,1
S1422,2024-03-21,CSE101,54.34,4,1
S1422,2024-09-17,MTH101,76.24,4,1
S1422,2025-03-16,PHY101,54.69,4,1
S1422,2025-09-12,ENG101,43.33,4,1
S1423,2024-03-21,CSE101,76.55,4,1
S1423,2024-09-17,MTH101,59.58,4,1
S1423,2025-03-16,PHY101,45.66,4,1
S1423,2025-09-12,ENG101,71.56,4,1
S1424,2024-03-21,CSE101,41.22,4,1
S1424,2024-09-17,MTH101,58.71,4,1
S1424,2025-03-16,PHY101,93.01,4,1
S1424,2025-09-12,ENG101,61.37,4,1
S1425,2024-03-21,CSE101,44.4,4,1
S1425,2024-09-17,MTH101,69.13,4,1
S1425,2025-03-16,PHY101,77.76,4,1
S1425,2025-09-12,ENG101,70.85,4,1
S1426,2024-03-21,CSE101,54.27,4,1
S1426,2024-09-17,MTH101,50.78,4,1
S1426,2025-03-16,PHY101,58.88,4,1
S1426,2025-09-12,ENG101,75.19,4,1
S1427,2024-03-21,CSE101,58.61,4,1
S1427,2024-09-17,MTH101,64.14,4,1
S1427,2025-03-16,PHY101,70.02,4,1
S1427,2025-09-12,ENG101,59.1,4,1
S1428,2024-03-21,CSE101,70.98,4,1
S1428,2024-09-17,MTH101,63.62,4,1
S1428,2025-03-16,PHY101,80.39,4,1
S1428,2025-09-12,ENG101,89.24,4,1
S1429,2024-03-21,CSE101,46.86,4,1
S1429,2024-09-17,MTH101,53.41,4,1
S1429,2025-03-16,PHY101,71.67,4,1
S1429,2025-09-12,ENG101,76.21,4,1
S1430,2024-03-21,CSE101,70.66,4,1
S1430,2024-09-17,MTH101,76.63,4,1
S1430,2025-03-16,PHY101,64.77,4,1
S1430,2025-09-12,ENG101,68.35,4,1
S1431,2024-03-21,CSE101,46.84,4,1
S1431,2024-09-17,MTH101,59.1,4,1
S1431,2025-03-16,PHY101,64.33,4,1
S1431,2025-09-12,ENG101,61.76,4,1
S1432,2024-03-21,CSE101,72.47,4,1
S1432,2024-09-17,MTH101,66.99,4,1
S1432,2025-03-16,PHY101,59.83,4,1
S1432,2025-09-12,ENG101,74.7,4,1
S1433,2024-03-21,CSE101,49.14,4,1
S1433,2024-09-17,MTH101,61.38,4,1
S1433,2025-03-16,PHY101,76.23,4,1
S1433,2025-09-12,ENG101,78.65,4,1
S1434,2024-03-21,CSE101,91.19,4,1
S1434,2024-09-17,MTH101,64.98,4,1
S1434,2025-03-16,PHY101,87.93,4,1
S1434,2025-09-12,ENG101,86.54,4,1
S1435,2024-03-21,CSE101,61.8,4,1
S1435,2024-09-17,MTH101,90.92,4,1
S1435,2025-03-16,PHY101,81.71,4,1
S1435,2025-09-12,ENG101,78.53,4,1
S1436,2024-03-21,CSE101,78.77,4,1
S1436,2024-09-17,MTH101,89.55,4,1
S1436,2025-03-16,PHY101,85.21,4,1
S1436,2025-09-12,ENG101,93.12,4,1
S1437,2024-03-21,CSE101,69.3,4,1
S1437,2024-09-17,MTH101,69.66,4,1
S1437,2025-03-16,PHY101,55.33,4,1
S1437,2025-09-12,ENG101,71.93,4,1
S1438,2024-03-21,CSE101,58.29,4,1
S1438,2024-09-17,MTH101,52.02,4,1
S1438,2025-03-16,PHY101,51.25,4,1
S1438,2025-09-12,ENG101,68.85,4,1
S1439,2024-03-21,CSE101,62.98,4,1
S1439,2024-09-17,MTH101,88.55,4,1
S1439,2025-03-16,PHY101,72.76,4,1
S1439,2025-09-12,ENG101,68.98,4,1
S1440,2024-03-21,CSE101,65.34,4,1
S1440,2024-09-17,MTH101,52.26,4,1
S1440,2025-03-16,PHY101,71.73,4,1
S1440,2025-09-12,ENG101,68.68,4,1
S1441,2024-03-21,CSE101,74.84,4,1
S1441,2024-09-17,MTH101,74.55,4,1
S1441,2025-03-16,PHY101,73.01,4,1
S1441,2025-09-12,ENG101,92.06,4,1
S1442,2024-03-21,CSE101,63.61,4,1
S1442,2024-09-17,MTH101,57.89,4,1
S1442,2025-03-16,PHY101,74.84,4,1
S1442,2025-09-12,ENG101,63.43,4,1
S1443,2024-03-21,CSE101,59.83,4,1
S1443,2024-09-17,MTH101,80.53,4,1
S1443,2025-03-16,PHY101,75.04,4,1
S1443,2025-09-12,ENG101,77.79,4,1
S1444,2024-03-21,CSE101,96.4,4,1
S1444,2024-09-17,MTH101,91.13,4,1
S1444,2025-03-16,PHY101,94.45,4,1
S1444,2025-09-12,ENG101,73.58,4,1
S1445,2024-03-21,CSE101,75.64,4,1
S1445,2024-09-17,MTH101,71.24,4,1
S1445,2025-03-16,PHY101,64.66,4,1
S1445,2025-09-12,ENG101,50.67,4,1
S1446,2024-03-21,CSE101,76.94,4,1
S1446,2024-09-17,MTH101,56.09,4,1
S1446,2025-03-16,PHY101,88.77,4,1
S1446,2025-09-12,ENG101,78.13,4,1
S1447,2024-03-21,CSE101,55.63,4,1
S1447,2024-09-17,MTH101,73.0,4,1
S1447,2025-03-16,PHY101,92.05,4,1
S1447,2025-09-12,ENG101,67.73,4,1
S1448,2024-03-21,CSE101,77.2,4,1
S1448,2024-09-17,MTH101,71.2,4,1
S1448,2025-03-16,PHY101,72.49,4,1
S1448,2025-09-12,ENG101,73.75,4,1
S1449,2024-03-21,CSE101,78.39,4,1
S1449,2024-09-17,MTH101,68.19,4,1
S1449,2025-03-16,PHY101,71.3,4,1
S1449,2025-09-12,ENG101,69.54,4,1
S1450,2024-03-21,CSE101,86.54,4,1
S1450,2024-09-17,MTH101,71.93,4,1
S1450,2025-03-16,PHY101,59.43,4,1
S1450,2025-09-12,ENG101,66.87,4,1
S1451,2024-03-21,CSE101,79.55,4,1
S1451,2024-09-17,MTH101,68.07,4,1
S1451,2025-03-16,PHY101,63.56,4,1
S1451,2025-09-12,ENG101,70.46,4,1
S1452,2024-03-21,CSE101,67.29,4,1
S1452,2024-09-17,MTH101,67.82,4,1
S1452,2025-03-16,PHY101,61.47,4,1
S1452,2025-09-12,ENG101,70.68,4,1
S1453,2024-03-21,CSE101,71.4,4,1
S1453,2024-09-17,MTH101,58.71,4,1
S1453,2025-03-16,PHY101,59.65,4,1
S1453,2025-09-12,ENG101,72.22,4,1
S1454,2024-03-21,CSE101,64.09,4,1
S1454,2024-09-17,MTH101,48.81,4,1
S1454,2025-03-16,PHY101,66.01,4,1
S1454,2025-09-12,ENG101,70.09,4,1
S1455,2024-03-21,CSE101,98.26,4,1
S1455,2024-09-17,MTH101,65.41,4,1
S1455,2025-03-16,PHY101,77.18,4,1
S1455,2025-09-12,ENG101,53.54,4,1
S1456,2024-03-21,CSE101,72.96,4,1
S1456,2024-09-17,MTH101,52.08,4,1
S1456,2025-03-16,PHY101,68.77,4,1
S1456,2025-09-12,ENG101,66.76,4,1
S1457,2024-03-21,CSE101,66.63,4,1
S1457,2024-09-17,MTH101,58.26,4,1
S1457,2025-03-16,PHY101,64.74,4,1
S1457,2025-09-12,ENG101,70.56,4,1
S1458,2024-03-21,CSE101,73.01,4,1
S1458,2024-09-17,MTH101,65.37,4,1
S1458,2025-03-16,PHY101,63.34,4,1
S1458,2025-09-12,ENG101,65.98,4,1
S1459,2024-03-21,CSE101,61.36,4,1
S1459,2024-09-17,MTH101,56.28,4,1
S1459,2025-03-16,PHY101,59.32,4,1
S1459,2025-09-12,ENG101,78.46,4,1
S1460,2024-03-21,CSE101,82.14,4,1
S1460,2024-09-17,MTH101,76.57,4,1
S1460,2025-03-16,PHY101,80.0,4,1
S1460,2025-09-12,ENG101,82.28,4,1
S1461,2024-03-21,CSE101,88.32,4,1
S1461,2024-09-17,MTH101,71.81,4,1
S1461,2025-03-16,PHY101,81.31,4,1
S1461,2025-09-12,ENG101,68.38,4,1
S1462,2024-03-21,CSE101,70.79,4,1
S1462,2024-09-17,MTH101,63.44,4,1
S1462,2025-03-16,PHY101,67.93,4,1
S1462,2025-09-12,ENG101,55.97,4,1
S1463,2024-03-21,CSE101,78.14,4,1
S1463,2024-09-17,MTH101,73.83,4,1
S1463,2025-03-16,PHY101,69.32,4,1
S1463,2025-09-12,ENG101,65.01,4,1
S1464,2024-03-21,CSE101,60.1,4,1
S1464,2024-09-17,MTH101,54.02,4,1
S1464,2025-03-16,PHY101,64.42,4,1
S1464,2025-09-12,ENG101,64.64,4,1
S1465,2024-03-21,CSE101,78.35,4,1
S1465,2024-09-17,MTH101,55.51,4,1
S1465,2025-03-16,PHY101,46.24,4,1
S1465,2025-09-12,ENG101,61.88,4,1
S1466,2024-03-21,CSE101,71.4,4,1
S1466,2024-09-17,MTH101,59.22,4,1
S1466,2025-03-16,PHY101,68.99,4,1
S1466,2025-09-12,ENG101,69.22,4,1
S1467,2024-03-21,CSE101,63.87,4,1
S1467,2024-09-17,MTH101,83.01,4,1
S1467,2025-03-16,PHY101,83.11,4,1
S1467,2025-09-12,ENG101,69.31,4,1
S1468,2024-03-21,CSE101,69.65,4,1
S1468,2024-09-17,MTH101,70.86,4,1
S1468,2025-03-16,PHY101,60.5,4,1
S1468,2025-09-12,ENG101,73.11,4,1
S1469,2024-03-21,CSE101,67.1,4,1
S1469,2024-09-17,MTH101,59.3,4,1
S1469,2025-03-16,PHY101,59.38,4,1
S1469,2025-09-12,ENG101,59.19,4,1
S1470,2024-03-21,CSE101,75.53,4,1
S1470,2024-09-17,MTH101,68.37,4,1
S1470,2025-03-16,PHY101,74.91,4,1
S1470,2025-09-12,ENG101,73.44,4,1
S1471,2024-03-21,CSE101,85.1,4,1
S1471,2024-09-17,MTH101,82.77,4,1
S1471,2025-03-16,PHY101,76.36,4,1
S1471,2025-09-12,ENG101,100.0,4,1
S1472,2024-03-21,CSE101,63.25,4,1
S1472,2024-09-17,MTH101,69.72,4,1
S1472,2025-03-16,PHY101,70.13,4,1
S1472,2025-09-12,ENG101,65.48,4,1
S1473,2024-03-21,CSE101,77.18,4,1
S1473,2024-09-17,MTH101,72.32,4,1
S1473,2025-03-16,PHY101,54.61,4,1
S1473,2025-09-12,ENG101,57.64,4,1
S1474,2024-03-21,CSE101,59.83,4,1
S1474,2024-09-17,MTH101,67.16,4,1
S1474,2025-03-16,PHY101,61.72,4,1
S1474,2025-09-12,ENG101,56.71,4,1
S1475,2024-03-21,CSE101,77.38,4,1
S1475,2024-09-17,MTH101,48.34,4,1
S1475,2025-03-16,PHY101,81.69,4,1
S1475,2025-09-12,ENG101,80.83,4,1
S1476,2024-03-21,CSE101,69.07,4,1
S1476,2024-09-17,MTH101,47.88,4,1
S1476,2025-03-16,PHY101,78.62,4,1
S1476,2025-09-12,ENG101,55.03,4,1
S1477,2024-03-21,CSE101,93.03,4,1
S1477,2024-09-17,MTH101,88.75,4,1
S1477,2025-03-16,PHY101,94.96,4,1
S1477,2025-09-12,ENG101,89.79,4,1
S1478,2024-03-21,CSE101,58.09,4,1
S1478,2024-09-17,MTH101,50.09,4,1
S1478,2025-03-16,PHY101,56.72,4,1
S1478,2025-09-12,ENG101,53.05,4,1
S1479,2024-03-21,CSE101,70.6,4,1
S1479,2024-09-17,MTH101,74.98,4,1
S1479,2025-03-16,PHY101,57.01,4,1
S1479,2025-09-12,ENG101,56.8,4,1
S1480,2024-03-21,CSE101,60.76,4,1
S1480,2024-09-17,MTH101,74.09,4,1
S1480,2025-03-16,PHY101,65.69,4,1
S1480,2025-09-12,ENG101,61.54,4,1
S1481,2024-03-21,CSE101,71.12,4,1
S1481,2024-09-17,MTH101,69.31,4,1
S1481,2025-03-16,PHY101,67.92,4,1
S1481,2025-09-12,ENG101,58.4,4,1
S1482,2024-03-21,CSE101,86.66,4,1
S1482,2024-09-17,MTH101,85.69,4,1
S1482,2025-03-16,PHY101,72.45,4,1
S1482,2025-09-12,ENG101,61.81,4,1
S1483,2024-03-21,CSE101,76.5,4,1
S1483,2024-09-17,MTH101,80.72,4,1
S1483,2025-03-16,PHY101,77.38,4,1
S1483,2025-09-12,ENG101,74.51,4,1
S1484,2024-03-21,CSE101,68.03,4,1
S1484,2024-09-17,MTH101,58.03,4,1
S1484,2025-03-16,PHY101,72.0,4,1
S1484,2025-09-12,ENG101,53.4,4,1
S1485,2024-03-21,CSE101,64.77,4,1
S1485,2024-09-17,MTH101,82.8,4,1
S1485,2025-03-16,PHY101,70.49,4,1
S1485,2025-09-12,ENG101,72.23,4,1
S1486,2024-03-21,CSE101,69.69,4,1
S1486,2024-09-17,MTH101,68.42,4,1
S1486,2025-03-16,PHY101,46.23,4,1
S1486,2025-09-12,ENG101,72.89,4,1
S1487,2024-03-21,CSE101,67.89,4,1
S1487,2024-09-17,MTH101,75.13,4,1
S1487,2025-03-16,PHY101,64.64,4,1
S1487,2025-09-12,ENG101,69.1,4,1
S1488,2024-03-21,CSE101,62.0,4,1
S1488,2024-09-17,MTH101,50.83,4,1
S1488,2025-03-16,PHY101,58.83,4,1
S1488,2025-09-12,ENG101,75.88,4,1
S1489,2024-03-21,CSE101,77.57,4,1
S1489,2024-09-17,MTH101,89.27,4,1
S1489,2025-03-16,PHY101,94.5,4,1
S1489,2025-09-12,ENG101,84.92,4,1
S1490,2024-03-21,CSE101,78.04,4,1
S1490,2024-09-17,MTH101,50.86,4,1
S1490,2025-03-16,PHY101,77.29,4,1
S1490,2025-09-12,ENG101,65.03,4,1
S1491,2024-03-21,CSE101,59.08,4,1
S1491,2024-09-17,MTH101,54.15,4,1
S1491,2025-03-16,PHY101,42.35,4,1
S1491,2025-09-12,ENG101,69.42,4,1
S1492,2024-03-21,CSE101,76.53,4,1
S1492,2024-09-17,MTH101,59.95,4,1
S1492,2025-03-16,PHY101,58.65,4,1
S1492,2025-09-12,ENG101,83.15,4,1
S1493,2024-03-21,CSE101,64.91,4,1
S1493,2024-09-17,MTH101,72.0,4,1
S1493,2025-03-16,PHY101,47.68,4,1
S1493,2025-09-12,ENG101,77.59,4,1
S1494,2024-03-21,CSE101,60.8,4,1
S1494,2024-09-17,MTH101,78.99,4,1
S1494,2025-03-16,PHY101,60.5,4,1
S1494,2025-09-12,ENG101,52.7,4,1
S1495,2024-03-21,CSE101,66.41,4,1
S1495,2024-09-17,MTH101,65.32,4,1
S1495,2025-03-16,PHY101,59.0,4,1
S1495,2025-09-12,ENG101,86.37,4,1
S1496,2024-03-21,CSE101,60.69,4,1
S1496,2024-09-17,MTH101,98.7,4,1
S1496,2025-03-16,PHY101,69.62,4,1
S1496,2025-09-12,ENG101,58.47,4,1
S1497,2024-03-21,CSE101,76.32,4,1
S1497,2024-09-17,MTH101,51.89,4,1
S1497,2025-03-16,PHY101,52.93,4,1
S1497,2025-09-12,ENG101,55.22,4,1
S1498,2024-03-21,CSE101,39.09,4,0
S1498,2024-09-17,MTH101,80.54,4,1
S1498,2025-03-16,PHY101,74.35,4,1
S1498,2025-09-12,ENG101,62.21,4,1
S1499,2024-03-21,CSE101,55.38,4,1
S1499,2024-09-17,MTH101,65.39,4,1
S1499,2025-03-16,PHY101,69.29,4,1
S1499,2025-09-12,ENG101,80.71,4,1
S1500,2024-03-21,CSE101,60.63,4,1
S1500,2024-09-17,MTH101,79.87,4,1
S1500,2025-03-16,PHY101,70.36,4,1
S1500,2025-09-12,ENG101,79.42,4,1
S1501,2024-03-21,CSE101,76.25,4,1
S1501,2024-09-17,MTH101,69.57,4,1
S1501,2025-03-16,PHY101,76.92,4,1
S1501,2025-09-12,ENG101,75.08,4,1
S1502,2024-03-21,CSE101,63.17,4,1
S1502,2024-09-17,MTH101,69.33,4,1
S1502,2025-03-16,PHY101,80.46,4,1
S1502,2025-09-12,ENG101,69.82,4,1
S1503,2024-03-21,CSE101,62.53,4,1
S1503,2024-09-17,MTH101,47.87,4,1
S1503,2025-03-16,PHY101,55.64,4,1
S1503,2025-09-12,ENG101,55.67,4,1
S1504,2024-03-21,CSE101,66.29,4,1
S1504,2024-09-17,MTH101,61.9,4,1
S1504,2025-03-16,PHY101,70.47,4,1
S1504,2025-09-12,ENG101,47.73,4,1
S1505,2024-03-21,CSE101,51.28,4,1
S1505,2024-09-17,MTH101,59.77,4,1
S1505,2025-03-16,PHY101,68.89,4,1
S1505,2025-09-12,ENG101,66.84,4,1
S1506,2024-03-21,CSE101,64.27,4,1
S1506,2024-09-17,MTH101,64.91,4,1
S1506,2025-03-16,PHY101,55.56,4,1
S1506,2025-09-12,ENG101,84.65,4,1
S1507,2024-03-21,CSE101,61.31,4,1
S1507,2024-09-17,MTH101,70.29,4,1
S1507,2025-03-16,PHY101,66.88,4,1
S1507,2025-09-12,ENG101,70.74,4,1
S1508,2024-03-21,CSE101,86.73,4,1
S1508,2024-09-17,MTH101,85.39,4,1
S1508,2025-03-16,PHY101,63.86,4,1
S1508,2025-09-12,ENG101,74.72,4,1
S1509,2024-03-21,CSE101,65.67,4,1
S1509,2024-09-17,MTH101,65.09,4,1
S1509,2025-03-16,PHY101,74.55,4,1
S1509,2025-09-12,ENG101,63.25,4,1
S1510,2024-03-21,CSE101,40.12,4,1
S1510,2024-09-17,MTH101,66.71,4,1
S1510,2025-03-16,PHY101,89.14,4,1
S1510,2025-09-12,ENG101,61.97,4,1
S1511,2024-03-21,CSE101,68.87,4,1
S1511,2024-09-17,MTH101,61.69,4,1
S1511,2025-03-16,PHY101,78.55,4,1
S1511,2025-09-12,ENG101,70.21,4,1
S1512,2024-03-21,CSE101,95.22,4,1
S1512,2024-09-17,MTH101,42.44,4,1
S1512,2025-03-16,PHY101,83.66,4,1
S1512,2025-09-12,ENG101,77.01,4,1
S1513,2024-03-21,CSE101,78.09,4,1
S1513,2024-09-17,MTH101,92.82,4,1
S1513,2025-03-16,PHY101,62.98,4,1
S1513,2025-09-12,ENG101,76.37,4,1
S1514,2024-03-21,CSE101,69.3,4,1
S1514,2024-09-17,MTH101,74.19,4,1
S1514,2025-03-16,PHY101,47.91,4,1
S1514,2025-09-12,ENG101,79.59,4,1
S1515,2024-03-21,CSE101,72.13,4,1
S1515,2024-09-17,MTH101,70.28,4,1
S1515,2025-03-16,PHY101,73.26,4,1
S1515,2025-09-12,ENG101,85.6,4,1
S1516,2024-03-21,CSE101,62.94,4,1
S1516,2024-09-17,MTH101,78.7,4,1
S1516,2025-03-16,PHY101,63.15,4,1
S1516,2025-09-12,ENG101,84.69,4,1
S1517,2024-03-21,CSE101,62.67,4,1
S1517,2024-09-17,MTH101,64.53,4,1
S1517,2025-03-16,PHY101,46.89,4,1
S1517,2025-09-12,ENG101,62.2,4,1
S1518,2024-03-21,CSE101,58.64,4,1
S1518,2024-09-17,MTH101,73.56,4,1
S1518,2025-03-16,PHY101,64.09,4,1
S1518,2025-09-12,ENG101,66.54,4,1
S1519,2024-03-21,CSE101,55.62,4,1
S1519,2024-09-17,MTH101,60.23,4,1
S1519,2025-03-16,PHY101,80.12,4,1
S1519,2025-09-12,ENG101,64.08,4,1
S1520,2024-03-21,CSE101,72.6,4,1
S1520,2024-09-17,MTH101,77.27,4,1
S1520,2025-03-16,PHY101,67.54,4,1
S1520,2025-09-12,ENG101,68.91,4,1
S1521,2024-03-21,CSE101,65.71,4,1
S1521,2024-09-17,MTH101,67.8,4,1
S1521,2025-03-16,PHY101,72.05,4,1
S1521,2025-09-12,ENG101,78.46,4,1
S1522,2024-03-21,CSE101,59.84,4,1
S1522,2024-09-17,MTH101,54.46,4,1
S1522,2025-03-16,PHY101,58.71,4,1
S1522,2025-09-12,ENG101,80.48,4,1
S1523,2024-03-21,CSE101,81.14,4,1
S1523,2024-09-17,MTH101,82.11,4,1
S1523,2025-03-16,PHY101,69.78,4,1
S1523,2025-09-12,ENG101,88.5,4,1
S1524,2024-03-21,CSE101,67.86,4,1
S1524,2024-09-17,MTH101,42.87,4,1
S1524,2025-03-16,PHY101,92.42,4,1
S1524,2025-09-12,ENG101,61.71,4,1
S1525,2024-03-21,CSE101,76.58,4,1
S1525,2024-09-17,MTH101,79.52,4,1
S1525,2025-03-16,PHY101,69.65,4,1
S1525,2025-09-12,ENG101,78.23,4,1
S1526,2024-03-21,CSE101,67.5,4,1
S1526,2024-09-17,MTH101,49.09,4,1
S1526,2025-03-16,PHY101,45.78,4,1
S1526,2025-09-12,ENG101,69.35,4,1
S1527,2024-03-21,CSE101,45.29,4,1
S1527,2024-09-17,MTH101,69.25,4,1
S1527,2025-03-16,PHY101,65.12,4,1
S1527,2025-09-12,ENG101,73.57,4,1
S1528,2024-03-21,CSE101,56.68,4,1
S1528,2024-09-17,MTH101,65.43,4,1
S1528,2025-03-16,PHY101,54.38,4,1
S1528,2025-09-12,ENG101,51.01,4,1
S1529,2024-03-21,CSE101,71.38,4,1
S1529,2024-09-17,MTH101,80.58,4,1
S1529,2025-03-16,PHY101,64.2,4,1
S1529,2025-09-12,ENG101,68.6,4,1
S1530,2024-03-21,CSE101,69.83,4,1
S1530,2024-09-17,MTH101,64.37,4,1
S1530,2025-03-16,PHY101,68.09,4,1
S1530,2025-09-12,ENG101,66.05,4,1
S1531,2024-03-21,CSE101,70.32,4,1
S1531,2024-09-17,MTH101,70.11,4,1
S1531,2025-03-16,PHY101,64.11,4,1
S1531,2025-09-12,ENG101,58.9,4,1
S1532,2024-03-21,CSE101,81.92,4,1
S1532,2024-09-17,MTH101,57.55,4,1
S1532,2025-03-16,PHY101,66.4,4,1
S1532,2025-09-12,ENG101,53.31,4,1
S1533,2024-03-21,CSE101,68.52,4,1
S1533,2024-09-17,MTH101,52.71,4,1
S1533,2025-03-16,PHY101,38.63,4,0
S1533,2025-09-12,ENG101,52.0,4,1
S1534,2024-03-21,CSE101,59.99,4,1
S1534,2024-09-17,MTH101,74.44,4,1
S1534,2025-03-16,PHY101,55.08,4,1
S1534,2025-09-12,ENG101,72.65,4,1
S1535,2024-03-21,CSE101,82.48,4,1
S1535,2024-09-17,MTH101,66.23,4,1
S1535,2025-03-16,PHY101,64.98,4,1
S1535,2025-09-12,ENG101,69.97,4,1
S1536,2024-03-21,CSE101,63.69,4,1
S1536,2024-09-17,MTH101,68.64,4,1
S1536,2025-03-16,PHY101,56.49,4,1
S1536,2025-09-12,ENG101,73.43,4,1
S1537,2024-03-21,CSE101,63.38,4,1
S1537,2024-09-17,MTH101,72.74,4,1
S1537,2025-03-16,PHY101,72.07,4,1
S1537,2025-09-12,ENG101,64.84,4,1
S1538,2024-03-21,CSE101,85.98,4,1
S1538,2024-09-17,MTH101,60.73,4,1
S1538,2025-03-16,PHY101,68.35,4,1
S1538,2025-09-12,ENG101,68.33,4,1
S1539,2024-03-21,CSE101,66.1,4,1
S1539,2024-09-17,MTH101,50.09,4,1
S1539,2025-03-16,PHY101,77.88,4,1
S1539,2025-09-12,ENG101,57.74,4,1
S1540,2024-03-21,CSE101,47.32,4,1
S1540,2024-09-17,MTH101,37.18,4,0
S1540,2025-03-16,PHY101,61.0,4,1
S1540,2025-09-12,ENG101,71.2,4,1
S1541,2024-03-21,CSE101,58.66,4,1
S1541,2024-09-17,MTH101,54.8,4,1
S1541,2025-03-16,PHY101,63.09,4,1
S1541,2025-09-12,ENG101,61.17,4,1
S1542,2024-03-21,CSE101,91.83,4,1
S1542,2024-09-17,MTH101,73.15,4,1
S1542,2025-03-16,PHY101,67.58,4,1
S1542,2025-09-12,ENG101,78.78,4,1
S1543,2024-03-21,CSE101,70.13,4,1
S1543,2024-09-17,MTH101,81.06,4,1
S1543,2025-03-16,PHY101,61.89,4,1
S1543,2025-09-12,ENG101,74.98,4,1
S1544,2024-03-21,CSE101,64.0,4,1
S1544,2024-09-17,MTH101,66.52,4,1
S1544,2025-03-16,PHY101,84.09,4,1
S1544,2025-09-12,ENG101,71.99,4,1
S1545,2024-03-21,CSE101,55.29,4,1
S1545,2024-09-17,MTH101,75.09,4,1
S1545,2025-03-16,PHY101,78.61,4,1
S1545,2025-09-12,ENG101,53.17,4,1
S1546,2024-03-21,CSE101,73.73,4,1
S1546,2024-09-17,MTH101,65.58,4,1
S1546,2025-03-16,PHY101,67.2,4,1
S1546,2025-09-12,ENG101,88.1,4,1
S1547,2024-03-21,CSE101,55.79,4,1
S1547,2024-09-17,MTH101,74.94,4,1
S1547,2025-03-16,PHY101,61.82,4,1
S1547,2025-09-12,ENG101,71.8,4,1
S1548,2024-03-21,CSE101,57.67,4,1
S1548,2024-09-17,MTH101,60.2,4,1
S1548,2025-03-16,PHY101,55.57,4,1
S1548,2025-09-12,ENG101,71.19,4,1
S1549,2024-03-21,CSE101,58.76,4,1
S1549,2024-09-17,MTH101,60.16,4,1
S1549,2025-03-16,PHY101,90.35,4,1
S1549,2025-09-12,ENG101,46.71,4,1
S1550,2024-03-21,CSE101,91.57,4,1
S1550,2024-09-17,MTH101,54.95,4,1
S1550,2025-03-16,PHY101,74.44,4,1
S1550,2025-09-12,ENG101,74.41,4,1
S1551,2024-03-21,CSE101,84.82,4,1
S1551,2024-09-17,MTH101,62.76,4,1
S1551,2025-03-16,PHY101,60.56,4,1
S1551,2025-09-12,ENG101,66.81,4,1
S1552,2024-03-21,CSE101,65.55,4,1
S1552,2024-09-17,MTH101,60.22,4,1
S1552,2025-03-16,PHY101,51.92,4,1
S1552,2025-09-12,ENG101,51.15,4,1
S1553,2024-03-21,CSE101,57.6,4,1
S1553,2024-09-17,MTH101,78.17,4,1
S1553,2025-03-16,PHY101,64.66,4,1
S1553,2025-09-12,ENG101,65.3,4,1
S1554,2024-03-21,CSE101,63.85,4,1
S1554,2024-09-17,MTH101,67.27,4,1
S1554,2025-03-16,PHY101,61.07,4,1
S1554,2025-09-12,ENG101,69.99,4,1
S1555,2024-03-21,CSE101,60.96,4,1
S1555,2024-09-17,MTH101,72.8,4,1
S1555,2025-03-16,PHY101,63.63,4,1
S1555,2025-09-12,ENG101,55.92,4,1
S1556,2024-03-21,CSE101,61.07,4,1
S1556,2024-09-17,MTH101,67.84,4,1
S1556,2025-03-16,PHY101,62.53,4,1
S1556,2025-09-12,ENG101,76.23,4,1
S1557,2024-03-21,CSE101,89.04,4,1
S1557,2024-09-17,MTH101,86.49,4,1
S1557,2025-03-16,PHY101,77.01,4,1
S1557,2025-09-12,ENG101,82.65,4,1
S1558,2024-03-21,CSE101,53.59,4,1
S1558,2024-09-17,MTH101,73.32,4,1
S1558,2025-03-16,PHY101,51.81,4,1
S1558,2025-09-12,ENG101,66.08,4,1
S1559,2024-03-21,CSE101,61.25,4,1
S1559,2024-09-17,MTH101,47.01,4,1
S1559,2025-03-16,PHY101,72.53,4,1
S1559,2025-09-12,ENG101,79.25,4,1
S1560,2024-03-21,CSE101,47.87,4,1
S1560,2024-09-17,MTH101,76.78,4,1
S1560,2025-03-16,PHY101,72.06,4,1
S1560,2025-09-12,ENG101,70.74,4,1
S1561,2024-03-21,CSE101,51.13,4,1
S1561,2024-09-17,MTH101,90.07,4,1
S1561,2025-03-16,PHY101,74.68,4,1
S1561,2025-09-12,ENG101,79.72,4,1
S1562,2024-03-21,CSE101,79.05,4,1
S1562,2024-09-17,MTH101,91.53,4,1
S1562,2025-03-16,PHY101,89.9,4,1
S1562,2025-09-12,ENG101,100.0,4,1
S1563,2024-03-21,CSE101,68.21,4,1
S1563,2024-09-17,MTH101,57.43,4,1
S1563,2025-03-16,PHY101,49.61,4,1
S1563,2025-09-12,ENG101,64.65,4,1
S1564,2024-03-21,CSE101,74.98,4,1
S1564,2024-09-17,MTH101,84.92,4,1
S1564,2025-03-16,PHY101,76.46,4,1
S1564,2025-09-12,ENG101,99.04,4,1
S1565,2024-03-21,CSE101,59.9,4,1
S1565,2024-09-17,MTH101,79.48,4,1
S1565,2025-03-16,PHY101,80.02,4,1
S1565,2025-09-12,ENG101,66.17,4,1
S1566,2024-03-21,CSE101,56.55,4,1
S1566,2024-09-17,MTH101,74.69,4,1
S1566,2025-03-16,PHY101,76.02,4,1
S1566,2025-09-12,ENG101,82.59,4,1
S1567,2024-03-21,CSE101,80.86,4,1
S1567,2024-09-17,MTH101,76.52,4,1
S1567,2025-03-16,PHY101,53.46,4,1
S1567,2025-09-12,ENG101,78.19,4,1
S1568,2024-03-21,CSE101,66.97,4,1
S1568,2024-09-17,MTH101,78.02,4,1
S1568,2025-03-16,PHY101,59.54,4,1
S1568,2025-09-12,ENG101,43.77,4,1
S1569,2024-03-21,CSE101,64.31,4,1
S1569,2024-09-17,MTH101,60.03,4,1
S1569,2025-03-16,PHY101,59.42,4,1
S1569,2025-09-12,ENG101,71.41,4,1
S1570,2024-03-21,CSE101,53.69,4,1
S1570,2024-09-17,MTH101,57.68,4,1
S1570,2025-03-16,PHY101,58.83,4,1
S1570,2025-09-12,ENG101,91.29,4,1
S1571,2024-03-21,CSE101,72.63,4,1
S1571,2024-09-17,MTH101,86.37,4,1
S1571,2025-03-16,PHY101,53.47,4,1
S1571,2025-09-12,ENG101,60.59,4,1
S1572,2024-03-21,CSE101,74.0,4,1
S1572,2024-09-17,MTH101,63.18,4,1
S1572,2025-03-16,PHY101,54.77,4,1
S1572,2025-09-12,ENG101,68.05,4,1
S1573,2024-03-21,CSE101,86.26,4,1
S1573,2024-09-17,MTH101,74.2,4,1
S1573,2025-03-16,PHY101,84.91,4,1
S1573,2025-09-12,ENG101,62.29,4,1
S1574,2024-03-21,CSE101,65.28,4,1
S1574,2024-09-17,MTH101,50.17,4,1
S1574,2025-03-16,PHY101,56.94,4,1
S1574,2025-09-12,ENG101,70.0,4,1
S1575,2024-03-21,CSE101,65.52,4,1
S1575,2024-09-17,MTH101,59.26,4,1
S1575,2025-03-16,PHY101,63.49,4,1
S1575,2025-09-12,ENG101,73.82,4,1
S1576,2024-03-21,CSE101,44.18,4,1
S1576,2024-09-17,MTH101,72.2,4,1
S1576,2025-03-16,PHY101,60.58,4,1
S1576,2025-09-12,ENG101,57.35,4,1
S1577,2024-03-21,CSE101,75.16,4,1
S1577,2024-09-17,MTH101,91.64,4,1
S1577,2025-03-16,PHY101,63.08,4,1
S1577,2025-09-12,ENG101,100.0,4,1
S1578,2024-03-21,CSE101,69.26,4,1
S1578,2024-09-17,MTH101,56.03,4,1
S1578,2025-03-16,PHY101,57.42,4,1
S1578,2025-09-12,ENG101,77.79,4,1
S1579,2024-03-21,CSE101,65.71,4,1
S1579,2024-09-17,MTH101,60.87,4,1
S1579,2025-03-16,PHY101,100.0,4,1
S1579,2025-09-12,ENG101,79.79,4,1
S1580,2024-03-21,CSE101,68.54,4,1
S1580,2024-09-17,MTH101,69.36,4,1
S1580,2025-03-16,PHY101,73.6,4,1
S1580,2025-09-12,ENG101,61.52,4,1
S1581,2024-03-21,CSE101,59.62,4,1
S1581,2024-09-17,MTH101,58.6,4,1
S1581,2025-03-16,PHY101,83.79,4,1
S1581,2025-09-12,ENG101,65.92,4,1
S1582,2024-03-21,CSE101,46.96,4,1
S1582,2024-09-17,MTH101,48.08,4,1
S1582,2025-03-16,PHY101,69.43,4,1
S1582,2025-09-12,ENG101,77.68,4,1
S1583,2024-03-21,CSE101,48.96,4,1
S1583,2024-09-17,MTH101,65.9,4,1
S1583,2025-03-16,PHY101,76.57,4,1
S1583,2025-09-12,ENG101,65.36,4,1
S1584,2024-03-21,CSE101,76.44,4,1
S1584,2024-09-17,MTH101,68.92,4,1
S1584,2025-03-16,PHY101,66.16,4,1
S1584,2025-09-12,ENG101,65.93,4,1
S1585,2024-03-21,CSE101,72.75,4,1
S1585,2024-09-17,MTH101,63.07,4,1
S1585,2025-03-16,PHY101,86.07,4,1
S1585,2025-09-12,ENG101,53.26,4,1
S1586,2024-03-21,CSE101,63.48,4,1
S1586,2024-09-17,MTH101,52.63,4,1
S1586,2025-03-16,PHY101,55.86,4,1
S1586,2025-09-12,ENG101,72.78,4,1
S1587,2024-03-21,CSE101,50.18,4,1
S1587,2024-09-17,MTH101,71.4,4,1
S1587,2025-03-16,PHY101,76.87,4,1
S1587,2025-09-12,ENG101,66.36,4,1
S1588,2024-03-21,CSE101,54.9,4,1
S1588,2024-09-17,MTH101,64.32,4,1
S1588,2025-03-16,PHY101,62.95,4,1
S1588,2025-09-12,ENG101,78.86,4,1
S1589,2024-03-21,CSE101,66.6,4,1
S1589,2024-09-17,MTH101,62.44,4,1
S1589,2025-03-16,PHY101,80.28,4,1
S1589,2025-09-12,ENG101,76.28,4,1
S1590,2024-03-21,CSE101,43.29,4,1
S1590,2024-09-17,MTH101,50.56,4,1
S1590,2025-03-16,PHY101,67.4,4,1
S1590,2025-09-12,ENG101,59.66,4,1
S1591,2024-03-21,CSE101,64.63,4,1
S1591,2024-09-17,MTH101,89.65,4,1
S1591,2025-03-16,PHY101,80.27,4,1
S1591,2025-09-12,ENG101,58.23,4,1
S1592,2024-03-21,CSE101,44.91,4,1
S1592,2024-09-17,MTH101,57.31,4,1
S1592,2025-03-16,PHY101,62.31,4,1
S1592,2025-09-12,ENG101,55.41,4,1
S1593,2024-03-21,CSE101,88.05,4,1
S1593,2024-09-17,MTH101,68.06,4,1
S1593,2025-03-16,PHY101,73.92,4,1
S1593,2025-09-12,ENG101,65.91,4,1
S1594,2024-03-21,CSE101,62.35,4,1
S1594,2024-09-17,MTH101,43.53,4,1
S1594,2025-03-16,PHY101,57.73,4,1
S1594,2025-09-12,ENG101,57.98,4,1
S1595,2024-03-21,CSE101,59.94,4,1
S1595,2024-09-17,MTH101,73.45,4,1
S1595,2025-03-16,PHY101,45.87,4,1
S1595,2025-09-12,ENG101,56.92,4,1
S1596,2024-03-21,CSE101,62.38,4,1
S1596,2024-09-17,MTH101,61.03,4,1
S1596,2025-03-16,PHY101,56.04,4,1
S1596,2025-09-12,ENG101,52.94,4,1
S1597,2024-03-21,CSE101,65.06,4,1
S1597,2024-09-17,MTH101,64.27,4,1
S1597,2025-03-16,PHY101,74.94,4,1
S1597,2025-09-12,ENG101,89.09,4,1
S1598,2024-03-21,CSE101,76.12,4,1
S1598,2024-09-17,MTH101,70.74,4,1
S1598,2025-03-16,PHY101,70.74,4,1
S1598,2025-09-12,ENG101,64.27,4,1
S1599,2024-03-21,CSE101,55.32,4,1
S1599,2024-09-17,MTH101,72.52,4,1
S1599,2025-03-16,PHY101,73.04,4,1
S1599,2025-09-12,ENG101,45.47,4,1
S1600,2024-03-21,CSE101,60.86,4,1
S1600,2024-09-17,MTH101,57.78,4,1
S1600,2025-03-16,PHY101,98.05,4,1
S1600,2025-09-12,ENG101,68.23,4,1
S1601,2024-03-21,CSE101,82.13,4,1
S1601,2024-09-17,MTH101,55.14,4,1
S1601,2025-03-16,PHY101,63.56,4,1
S1601,2025-09-12,ENG101,59.76,4,1
S1602,2024-03-21,CSE101,81.41,4,1
S1602,2024-09-17,MTH101,99.14,4,1
S1602,2025-03-16,PHY101,81.26,4,1
S1602,2025-09-12,ENG101,75.6,4,1
S1603,2024-03-21,CSE101,72.36,4,1
S1603,2024-09-17,MTH101,51.0,4,1
S1603,2025-03-16,PHY101,67.5,4,1
S1603,2025-09-12,ENG101,65.05,4,1
S1604,2024-03-21,CSE101,58.07,4,1
S1604,2024-09-17,MTH101,85.56,4,1
S1604,2025-03-16,PHY101,58.72,4,1
S1604,2025-09-12,ENG101,63.21,4,1
S1605,2024-03-21,CSE101,82.17,4,1
S1605,2024-09-17,MTH101,61.12,4,1
S1605,2025-03-16,PHY101,60.35,4,1
S1605,2025-09-12,ENG101,66.99,4,1
S1606,2024-03-21,CSE101,58.08,4,1
S1606,2024-09-17,MTH101,74.04,4,1
S1606,2025-03-16,PHY101,74.95,4,1
S1606,2025-09-12,ENG101,65.58,4,1
S1607,2024-03-21,CSE101,75.82,4,1
S1607,2024-09-17,MTH101,51.86,4,1
S1607,2025-03-16,PHY101,71.28,4,1
S1607,2025-09-12,ENG101,81.08,4,1
S1608,2024-03-21,CSE101,63.64,4,1
S1608,2024-09-17,MTH101,44.74,4,1
S1608,2025-03-16,PHY101,69.99,4,1
S1608,2025-09-12,ENG101,73.62,4,1
S1609,2024-03-21,CSE101,84.49,4,1
S1609,2024-09-17,MTH101,81.45,4,1
S1609,2025-03-16,PHY101,85.24,4,1
S1609,2025-09-12,ENG101,79.91,4,1
S1610,2024-03-21,CSE101,89.67,4,1
S1610,2024-09-17,MTH101,71.92,4,1
S1610,2025-03-16,PHY101,82.0,4,1
S1610,2025-09-12,ENG101,50.33,4,1
S1611,2024-03-21,CSE101,68.56,4,1
S1611,2024-09-17,MTH101,57.79,4,1
S1611,2025-03-16,PHY101,64.15,4,1
S1611,2025-09-12,ENG101,59.9,4,1
S1612,2024-03-21,CSE101,79.1,4,1
S1612,2024-09-17,MTH101,58.14,4,1
S1612,2025-03-16,PHY101,73.3,4,1
S1612,2025-09-12,ENG101,85.28,4,1
S1613,2024-03-21,CSE101,54.66,4,1
S1613,2024-09-17,MTH101,70.21,4,1
S1613,2025-03-16,PHY101,63.9,4,1
S1613,2025-09-12,ENG101,82.08,4,1
S1614,2024-03-21,CSE101,65.77,4,1
S1614,2024-09-17,MTH101,73.93,4,1
S1614,2025-03-16,PHY101,66.58,4,1
S1614,2025-09-12,ENG101,60.72,4,1
S1615,2024-03-21,CSE101,41.58,4,1
S1615,2024-09-17,MTH101,61.86,4,1
S1615,2025-03-16,PHY101,45.71,4,1
S1615,2025-09-12,ENG101,83.32,4,1
S1616,2024-03-21,CSE101,64.24,4,1
S1616,2024-09-17,MTH101,70.33,4,1
S1616,2025-03-16,PHY101,59.27,4,1
S1616,2025-09-12,ENG101,40.96,4,1
S1617,2024-03-21,CSE101,74.82,4,1
S1617,2024-09-17,MTH101,67.44,4,1
S1617,2025-03-16,PHY101,56.45,4,1
S1617,2025-09-12,ENG101,76.3,4,1
S1618,2024-03-21,CSE101,65.47,4,1
S1618,2024-09-17,MTH101,63.52,4,1
S1618,2025-03-16,PHY101,66.22,4,1
S1618,2025-09-12,ENG101,42.8,4,1
S1619,2024-03-21,CSE101,50.29,4,1
S1619,2024-09-17,MTH101,70.46,4,1
S1619,2025-03-16,PHY101,83.91,4,1
S1619,2025-09-12,ENG101,38.1,4,0
S1620,2024-03-21,CSE101,64.51,4,1
S1620,2024-09-17,MTH101,71.22,4,1
S1620,2025-03-16,PHY101,82.39,4,1
S1620,2025-09-12,ENG101,67.32,4,1
S1621,2024-03-21,CSE101,68.71,4,1
S1621,2024-09-17,MTH101,53.47,4,1
S1621,2025-03-16,PHY101,74.3,4,1
S1621,2025-09-12,ENG101,51.0,4,1
S1622,2024-03-21,CSE101,60.03,4,1
S1622,2024-09-17,MTH101,67.13,4,1
S1622,2025-03-16,PHY101,75.28,4,1
S1622,2025-09-12,ENG101,65.4,4,1
S1623,2024-03-21,CSE101,53.18,4,1
S1623,2024-09-17,MTH101,67.22,4,1
S1623,2025-03-16,PHY101,60.81,4,1
S1623,2025-09-12,ENG101,49.94,4,1
S1624,2024-03-21,CSE101,89.81,4,1
S1624,2024-09-17,MTH101,48.79,4,1
S1624,2025-03-16,PHY101,63.06,4,1
S1624,2025-09-12,ENG101,60.05,4,1
S1625,2024-03-21,CSE101,76.96,4,1
S1625,2024-09-17,MTH101,60.93,4,1
S1625,2025-03-16,PHY101,64.1,4,1
S1625,2025-09-12,ENG101,59.31,4,1
S1626,2024-03-21,CSE101,49.35,4,1
S1626,2024-09-17,MTH101,72.33,4,1
S1626,2025-03-16,PHY101,61.02,4,1
S1626,2025-09-12,ENG101,63.73,4,1
S1627,2024-03-21,CSE101,71.82,4,1
S1627,2024-09-17,MTH101,82.05,4,1
S1627,2025-03-16,PHY101,64.12,4,1
S1627,2025-09-12,ENG101,64.41,4,1
S1628,2024-03-21,CSE101,70.03,4,1
S1628,2024-09-17,MTH101,50.34,4,1
S1628,2025-03-16,PHY101,68.42,4,1
S1628,2025-09-12,ENG101,69.12,4,1
S1629,2024-03-21,CSE101,81.64,4,1
S1629,2024-09-17,MTH101,74.74,4,1
S1629,2025-03-16,PHY101,59.39,4,1
S1629,2025-09-12,ENG101,50.36,4,1
S1630,2024-03-21,CSE101,54.17,4,1
S1630,2024-09-17,MTH101,74.57,4,1
S1630,2025-03-16,PHY101,68.1,4,1
S1630,2025-09-12,ENG101,69.93,4,1
S1631,2024-03-21,CSE101,50.22,4,1
S1631,2024-09-17,MTH101,70.02,4,1
S1631,2025-03-16,PHY101,46.33,4,1
S1631,2025-09-12,ENG101,89.0,4,1
S1632,2024-03-21,CSE101,88.49,4,1
S1632,2024-09-17,MTH101,61.7,4,1
S1632,2025-03-16,PHY101,61.08,4,1
S1632,2025-09-12,ENG101,60.66,4,1
S1633,2024-03-21,CSE101,63.07,4,1
S1633,2024-09-17,MTH101,77.27,4,1
S1633,2025-03-16,PHY101,51.28,4,1
S1633,2025-09-12,ENG101,69.7,4,1
S1634,2024-03-21,CSE101,64.68,4,1
S1634,2024-09-17,MTH101,85.15,4,1
S1634,2025-03-16,PHY101,58.38,4,1
S1634,2025-09-12,ENG101,92.32,4,1
S1635,2024-03-21,CSE101,79.6,4,1
S1635,2024-09-17,MTH101,75.26,4,1
S1635,2025-03-16,PHY101,74.12,4,1
S1635,2025-09-12,ENG101,71.4,4,1
S1636,2024-03-21,CSE101,59.68,4,1
S1636,2024-09-17,MTH101,92.05,4,1
S1636,2025-03-16,PHY101,51.93,4,1
S1636,2025-09-12,ENG101,48.37,4,1
S1637,2024-03-21,CSE101,81.9,4,1
S1637,2024-09-17,MTH101,87.05,4,1
S1637,2025-03-16,PHY101,94.19,4,1
S1637,2025-09-12,ENG101,66.75,4,1
S1638,2024-03-21,CSE101,100.0,4,1
S1638,2024-09-17,MTH101,86.93,4,1
S1638,2025-03-16,PHY101,91.98,4,1
S1638,2025-09-12,ENG101,84.89,4,1
S1639,2024-03-21,CSE101,74.76,4,1
S1639,2024-09-17,MTH101,81.7,4,1
S1639,2025-03-16,PHY101,55.16,4,1
S1639,2025-09-12,ENG101,60.63,4,1
S1640,2024-03-21,CSE101,65.2,4,1
S1640,2024-09-17,MTH101,69.33,4,1
S1640,2025-03-16,PHY101,65.05,4,1
S1640,2025-09-12,ENG101,75.36,4,1
S1641,2024-03-21,CSE101,72.17,4,1
S1641,2024-09-17,MTH101,57.98,4,1
S1641,2025-03-16,PHY101,61.86,4,1
S1641,2025-09-12,ENG101,43.04,4,1
S1642,2024-03-21,CSE101,63.76,4,1
S1642,2024-09-17,MTH101,71.41,4,1
S1642,2025-03-16,PHY101,92.53,4,1
S1642,2025-09-12,ENG101,71.44,4,1
S1643,2024-03-21,CSE101,66.73,4,1
S1643,2024-09-17,MTH101,71.75,4,1
S1643,2025-03-16,PHY101,55.18,4,1
S1643,2025-09-12,ENG101,71.54,4,1
S1644,2024-03-21,CSE101,65.54,4,1
S1644,2024-09-17,MTH101,51.26,4,1
S1644,2025-03-16,PHY101,60.75,4,1
S1644,2025-09-12,ENG101,79.9,4,1
S1645,2024-03-21,CSE101,89.53,4,1
S1645,2024-09-17,MTH101,60.67,4,1
S1645,2025-03-16,PHY101,57.52,4,1
S1645,2025-09-12,ENG101,72.57,4,1
S1646,2024-03-21,CSE101,65.95,4,1
S1646,2024-09-17,MTH101,65.85,4,1
S1646,2025-03-16,PHY101,57.54,4,1
S1646,2025-09-12,ENG101,58.5,4,1
S1647,2024-03-21,CSE101,50.65,4,1
S1647,2024-09-17,MTH101,61.7,4,1
S1647,2025-03-16,PHY101,57.03,4,1
S1647,2025-09-12,ENG101,71.43,4,1
S1648,2024-03-21,CSE101,61.46,4,1
S1648,2024-09-17,MTH101,66.65,4,1
S1648,2025-03-16,PHY101,66.68,4,1
S1648,2025-09-12,ENG101,72.05,4,1
S1649,2024-03-21,CSE101,69.53,4,1
S1649,2024-09-17,MTH101,47.22,4,1
S1649,2025-03-16,PHY101,50.39,4,1
S1649,2025-09-12,ENG101,80.01,4,1
S1650,2024-03-21,CSE101,80.58,4,1
S1650,2024-09-17,MTH101,65.32,4,1
S1650,2025-03-16,PHY101,54.5,4,1
S1650,2025-09-12,ENG101,62.02,4,1
S1651,2024-03-21,CSE101,58.13,4,1
S1651,2024-09-17,MTH101,86.81,4,1
S1651,2025-03-16,PHY101,73.35,4,1
S1651,2025-09-12,ENG101,78.91,4,1
S1652,2024-03-21,CSE101,47.3,4,1
S1652,2024-09-17,MTH101,65.77,4,1
S1652,2025-03-16,PHY101,42.13,4,1
S1652,2025-09-12,ENG101,84.84,4,1
S1653,2024-03-21,CSE101,63.31,4,1
S1653,2024-09-17,MTH101,65.91,4,1
S1653,2025-03-16,PHY101,49.4,4,1
S1653,2025-09-12,ENG101,63.55,4,1
S1654,2024-03-21,CSE101,75.77,4,1
S1654,2024-09-17,MTH101,71.37,4,1
S1654,2025-03-16,PHY101,48.78,4,1
S1654,2025-09-12,ENG101,87.35,4,1
S1655,2024-03-21,CSE101,64.19,4,1
S1655,2024-09-17,MTH101,62.77,4,1
S1655,2025-03-16,PHY101,71.63,4,1
S1655,2025-09-12,ENG101,70.33,4,1
S1656,2024-03-21,CSE101,53.12,4,1
S1656,2024-09-17,MTH101,64.3,4,1
S1656,2025-03-16,PHY101,66.62,4,1
S1656,2025-09-12,ENG101,57.79,4,1
S1657,2024-03-21,CSE101,85.7,4,1
S1657,2024-09-17,MTH101,73.11,4,1
S1657,2025-03-16,PHY101,52.53,4,1
S1657,2025-09-12,ENG101,74.82,4,1
S1658,2024-03-21,CSE101,57.78,4,1
S1658,2024-09-17,MTH101,59.93,4,1
S1658,2025-03-16,PHY101,48.79,4,1
S1658,2025-09-12,ENG101,43.65,4,1
S1659,2024-03-21,CSE101,49.5,4,1
S1659,2024-09-17,MTH101,37.12,4,0
S1659,2025-03-16,PHY101,61.26,4,1
S1659,2025-09-12,ENG101,43.19,4,1
S1660,2024-03-21,CSE101,61.74,4,1
S1660,2024-09-17,MTH101,65.53,4,1
S1660,2025-03-16,PHY101,73.9,4,1
S1660,2025-09-12,ENG101,66.95,4,1
S1661,2024-03-21,CSE101,100.0,4,1
S1661,2024-09-17,MTH101,95.24,4,1
S1661,2025-03-16,PHY101,80.45,4,1
S1661,2025-09-12,ENG101,93.1,4,1
S1662,2024-03-21,CSE101,65.06,4,1
S1662,2024-09-17,MTH101,60.62,4,1
S1662,2025-03-16,PHY101,75.29,4,1
S1662,2025-09-12,ENG101,84.86,4,1
S1663,2024-03-21,CSE101,57.02,4,1
S1663,2024-09-17,MTH101,59.59,4,1
S1663,2025-03-16,PHY101,53.05,4,1
S1663,2025-09-12,ENG101,66.29,4,1
S1664,2024-03-21,CSE101,89.52,4,1
S1664,2024-09-17,MTH101,81.76,4,1
S1664,2025-03-16,PHY101,89.08,4,1
S1664,2025-09-12,ENG101,79.74,4,1
S1665,2024-03-21,CSE101,64.64,4,1
S1665,2024-09-17,MTH101,70.69,4,1
S1665,2025-03-16,PHY101,58.19,4,1
S1665,2025-09-12,ENG101,75.8,4,1
S1666,2024-03-21,CSE101,63.97,4,1
S1666,2024-09-17,MTH101,91.02,4,1
S1666,2025-03-16,PHY101,76.72,4,1
S1666,2025-09-12,ENG101,72.22,4,1
S1667,2024-03-21,CSE101,69.79,4,1
S1667,2024-09-17,MTH101,81.88,4,1
S1667,2025-03-16,PHY101,59.18,4,1
S1667,2025-09-12,ENG101,54.2,4,1
S1668,2024-03-21,CSE101,57.0,4,1
S1668,2024-09-17,MTH101,68.26,4,1
S1668,2025-03-16,PHY101,53.3,4,1
S1668,2025-09-12,ENG101,71.68,4,1
S1669,2024-03-21,CSE101,55.85,4,1
S1669,2024-09-17,MTH101,56.88,4,1
S1669,2025-03-16,PHY101,54.02,4,1
S1669,2025-09-12,ENG101,87.97,4,1
S1670,2024-03-21,CSE101,57.55,4,1
S1670,2024-09-17,MTH101,43.33,4,1
S1670,2025-03-16,PHY101,57.13,4,1
S1670,2025-09-12,ENG101,59.44,4,1
S1671,2024-03-21,CSE101,48.21,4,1
S1671,2024-09-17,MTH101,75.1,4,1
S1671,2025-03-16,PHY101,47.38,4,1
S1671,2025-09-12,ENG101,56.27,4,1
S1672,2024-03-21,CSE101,74.09,4,1
S1672,2024-09-17,MTH101,76.56,4,1
S1672,2025-03-16,PHY101,67.4,4,1
S1672,2025-09-12,ENG101,69.0,4,1
S1673,2024-03-21,CSE101,67.84,4,1
S1673,2024-09-17,MTH101,62.58,4,1
S1673,2025-03-16,PHY101,61.21,4,1
S1673,2025-09-12,ENG101,55.47,4,1
S1674,2024-03-21,CSE101,66.78,4,1
S1674,2024-09-17,MTH101,44.51,4,1
S1674,2025-03-16,PHY101,86.46,4,1
S1674,2025-09-12,ENG101,71.79,4,1
S1675,2024-03-21,CSE101,73.77,4,1
S1675,2024-09-17,MTH101,50.65,4,1
S1675,2025-03-16,PHY101,53.25,4,1
S1675,2025-09-12,ENG101,49.53,4,1
S1676,2024-03-21,CSE101,79.36,4,1
S1676,2024-09-17,MTH101,66.07,4,1
S1676,2025-03-16,PHY101,72.28,4,1
S1676,2025-09-12,ENG101,69.01,4,1
S1677,2024-03-21,CSE101,60.64,4,1
S1677,2024-09-17,MTH101,72.22,4,1
S1677,2025-03-16,PHY101,78.5,4,1
S1677,2025-09-12,ENG101,68.04,4,1
S1678,2024-03-21,CSE101,61.51,4,1
S1678,2024-09-17,MTH101,52.02,4,1
S1678,2025-03-16,PHY101,64.98,4,1
S1678,2025-09-12,ENG101,79.79,4,1
S1679,2024-03-21,CSE101,62.56,4,1
S1679,2024-09-17,MTH101,56.88,4,1
S1679,2025-03-16,PHY101,57.88,4,1
S1679,2025-09-12,ENG101,56.78,4,1
S1680,2024-03-21,CSE101,73.46,4,1
S1680,2024-09-17,MTH101,53.79,4,1
S1680,2025-03-16,PHY101,83.48,4,1
S1680,2025-09-12,ENG101,84.54,4,1
S1681,2024-03-21,CSE101,77.68,4,1
S1681,2024-09-17,MTH101,72.03,4,1
S1681,2025-03-16,PHY101,75.14,4,1
S1681,2025-09-12,ENG101,61.15,4,1
S1682,2024-03-21,CSE101,72.64,4,1
S1682,2024-09-17,MTH101,62.58,4,1
S1682,2025-03-16,PHY101,58.22,4,1
S1682,2025-09-12,ENG101,74.02,4,1
S1683,2024-03-21,CSE101,48.14,4,1
S1683,2024-09-17,MTH101,72.79,4,1
S1683,2025-03-16,PHY101,59.11,4,1
S1683,2025-09-12,ENG101,68.88,4,1
S1684,2024-03-21,CSE101,60.91,4,1
S1684,2024-09-17,MTH101,73.43,4,1
S1684,2025-03-16,PHY101,56.82,4,1
S1684,2025-09-12,ENG101,75.58,4,1
S1685,2024-03-21,CSE101,60.67,4,1
S1685,2024-09-17,MTH101,68.58,4,1
S1685,2025-03-16,PHY101,78.17,4,1
S1685,2025-09-12,ENG101,68.75,4,1
S1686,2024-03-21,CSE101,87.18,4,1
S1686,2024-09-17,MTH101,75.11,4,1
S1686,2025-03-16,PHY101,69.11,4,1
S1686,2025-09-12,ENG101,72.41,4,1
S1687,2024-03-21,CSE101,62.64,4,1
S1687,2024-09-17,MTH101,71.09,4,1
S1687,2025-03-16,PHY101,47.16,4,1
S1687,2025-09-12,ENG101,63.05,4,1
S1688,2024-03-21,CSE101,78.17,4,1
S1688,2024-09-17,MTH101,72.02,4,1
S1688,2025-03-16,PHY101,79.33,4,1
S1688,2025-09-12,ENG101,74.01,4,1
S1689,2024-03-21,CSE101,74.91,4,1
S1689,2024-09-17,MTH101,65.51,4,1
S1689,2025-03-16,PHY101,68.9,4,1
S1689,2025-09-12,ENG101,73.69,4,1
S1690,2024-03-21,CSE101,62.72,4,1
S1690,2024-09-17,MTH101,51.7,4,1
S1690,2025-03-16,PHY101,70.55,4,1
S1690,2025-09-12,ENG101,57.73,4,1
S1691,2024-03-21,CSE101,56.6,4,1
S1691,2024-09-17,MTH101,64.1,4,1
S1691,2025-03-16,PHY101,59.78,4,1
S1691,2025-09-12,ENG101,68.33,4,1
S1692,2024-03-21,CSE101,63.02,4,1
S1692,2024-09-17,MTH101,73.76,4,1
S1692,2025-03-16,PHY101,71.62,4,1
S1692,2025-09-12,ENG101,65.93,4,1
S1693,2024-03-21,CSE101,50.17,4,1
S1693,2024-09-17,MTH101,70.01,4,1
S1693,2025-03-16,PHY101,64.28,4,1
S1693,2025-09-12,ENG101,46.46,4,1
S1694,2024-03-21,CSE101,57.38,4,1
S1694,2024-09-17,MTH101,80.9,4,1
S1694,2025-03-16,PHY101,75.36,4,1
S1694,2025-09-12,ENG101,74.84,4,1
S1695,2024-03-21,CSE101,58.18,4,1
S1695,2024-09-17,MTH101,42.74,4,1
S1695,2025-03-16,PHY101,74.73,4,1
S1695,2025-09-12,ENG101,46.61,4,1
S1696,2024-03-21,CSE101,60.66,4,1
S1696,2024-09-17,MTH101,65.97,4,1
S1696,2025-03-16,PHY101,60.95,4,1
S1696,2025-09-12,ENG101,57.88,4,1
S1697,2024-03-21,CSE101,67.45,4,1
S1697,2024-09-17,MTH101,65.79,4,1
S1697,2025-03-16,PHY101,61.18,4,1
S1697,2025-09-12,ENG101,65.97,4,1
S1698,2024-03-21,CSE101,80.23,4,1
S1698,2024-09-17,MTH101,76.5,4,1
S1698,2025-03-16,PHY101,54.62,4,1
S1698,2025-09-12,ENG101,73.83,4,1
S1699,2024-03-21,CSE101,64.92,4,1
S1699,2024-09-17,MTH101,66.73,4,1
S1699,2025-03-16,PHY101,76.02,4,1
S1699,2025-09-12,ENG101,52.1,4,1
S1700,2024-03-21,CSE101,70.64,4,1
S1700,2024-09-17,MTH101,63.05,4,1
S1700,2025-03-16,PHY101,84.12,4,1
S1700,2025-09-12,ENG101,53.86,4,1
S1701,2024-03-21,CSE101,69.56,4,1
S1701,2024-09-17,MTH101,49.73,4,1
S1701,2025-03-16,PHY101,66.56,4,1
S1701,2025-09-12,ENG101,74.46,4,1
S1702,2024-03-21,CSE101,59.34,4,1
S1702,2024-09-17,MTH101,81.41,4,1
S1702,2025-03-16,PHY101,76.96,4,1
S1702,2025-09-12,ENG101,54.19,4,1
S1703,2024-03-21,CSE101,72.14,4,1
S1703,2024-09-17,MTH101,51.78,4,1
S1703,2025-03-16,PHY101,70.84,4,1
S1703,2025-09-12,ENG101,63.94,4,1
S1704,2024-03-21,CSE101,66.52,4,1
S1704,2024-09-17,MTH101,53.53,4,1
S1704,2025-03-16,PHY101,55.78,4,1
S1704,2025-09-12,ENG101,65.41,4,1
S1705,2024-03-21,CSE101,65.73,4,1
S1705,2024-09-17,MTH101,77.87,4,1
S1705,2025-03-16,PHY101,67.18,4,1
S1705,2025-09-12,ENG101,87.21,4,1
S1706,2024-03-21,CSE101,77.22,4,1
S1706,2024-09-17,MTH101,76.24,4,1
S1706,2025-03-16,PHY101,63.82,4,1
S1706,2025-09-12,ENG101,53.44,4,1
S1707,2024-03-21,CSE101,83.93,4,1
S1707,2024-09-17,MTH101,48.07,4,1
S1707,2025-03-16,PHY101,48.06,4,1
S1707,2025-09-12,ENG101,57.99,4,1
S1708,2024-03-21,CSE101,82.54,4,1
S1708,2024-09-17,MTH101,85.51,4,1
S1708,2025-03-16,PHY101,61.5,4,1
S1708,2025-09-12,ENG101,72.08,4,1
S1709,2024-03-21,CSE101,100.0,4,1
S1709,2024-09-17,MTH101,90.04,4,1
S1709,2025-03-16,PHY101,84.16,4,1
S1709,2025-09-12,ENG101,81.06,4,1
S1710,2024-03-21,CSE101,88.27,4,1
S1710,2024-09-17,MTH101,69.94,4,1
S1710,2025-03-16,PHY101,56.5,4,1
S1710,2025-09-12,ENG101,72.82,4,1
S1711,2024-03-21,CSE101,55.4,4,1
S1711,2024-09-17,MTH101,66.77,4,1
S1711,2025-03-16,PHY101,62.1,4,1
S1711,2025-09-12,ENG101,82.6,4,1
S1712,2024-03-21,CSE101,72.34,4,1
S1712,2024-09-17,MTH101,60.01,4,1
S1712,2025-03-16,PHY101,82.42,4,1
S1712,2025-09-12,ENG101,69.03,4,1
S1713,2024-03-21,CSE101,53.4,4,1
S1713,2024-09-17,MTH101,59.84,4,1
S1713,2025-03-16,PHY101,63.58,4,1
S1713,2025-09-12,ENG101,67.42,4,1
S1714,2024-03-21,CSE101,76.57,4,1
S1714,2024-09-17,MTH101,72.38,4,1
S1714,2025-03-16,PHY101,78.37,4,1
S1714,2025-09-12,ENG101,72.01,4,1
S1715,2024-03-21,CSE101,71.47,4,1
S1715,2024-09-17,MTH101,48.54,4,1
S1715,2025-03-16,PHY101,69.48,4,1
S1715,2025-09-12,ENG101,44.55,4,1
S1716,2024-03-21,CSE101,77.24,4,1
S1716,2024-09-17,MTH101,64.52,4,1
S1716,2025-03-16,PHY101,69.61,4,1
S1716,2025-09-12,ENG101,69.72,4,1
S1717,2024-03-21,CSE101,62.89,4,1
S1717,2024-09-17,MTH101,62.44,4,1
S1717,2025-03-16,PHY101,70.92,4,1
S1717,2025-09-12,ENG101,60.36,4,1
S1718,2024-03-21,CSE101,55.48,4,1
S1718,2024-09-17,MTH101,68.86,4,1
S1718,2025-03-16,PHY101,56.39,4,1
S1718,2025-09-12,ENG101,55.7,4,1
S1719,2024-03-21,CSE101,72.63,4,1
S1719,2024-09-17,MTH101,74.15,4,1
S1719,2025-03-16,PHY101,63.01,4,1
S1719,2025-09-12,ENG101,73.68,4,1
S1720,2024-03-21,CSE101,52.46,4,1
S1720,2024-09-17,MTH101,52.13,4,1
S1720,2025-03-16,PHY101,58.5,4,1
S1720,2025-09-12,ENG101,53.6,4,1
S1721,2024-03-21,CSE101,61.8,4,1
S1721,2024-09-17,MTH101,81.65,4,1
S1721,2025-03-16,PHY101,74.8,4,1
S1721,2025-09-12,ENG101,64.41,4,1
S1722,2024-03-21,CSE101,72.42,4,1
S1722,2024-09-17,MTH101,67.76,4,1
S1722,2025-03-16,PHY101,68.17,4,1
S1722,2025-09-12,ENG101,82.48,4,1
S1723,2024-03-21,CSE101,76.11,4,1
S1723,2024-09-17,MTH101,77.29,4,1
S1723,2025-03-16,PHY101,74.06,4,1
S1723,2025-09-12,ENG101,77.17,4,1
S1724,2024-03-21,CSE101,50.09,4,1
S1724,2024-09-17,MTH101,53.97,4,1
S1724,2025-03-16,PHY101,66.91,4,1
S1724,2025-09-12,ENG101,62.37,4,1
S1725,2024-03-21,CSE101,73.56,4,1
S1725,2024-09-17,MTH101,43.03,4,1
S1725,2025-03-16,PHY101,69.01,4,1
S1725,2025-09-12,ENG101,82.33,4,1
S1726,2024-03-21,CSE101,84.87,4,1
S1726,2024-09-17,MTH101,60.62,4,1
S1726,2025-03-16,PHY101,73.31,4,1
S1726,2025-09-12,ENG101,51.95,4,1
S1727,2024-03-21,CSE101,64.32,4,1
S1727,2024-09-17,MTH101,61.63,4,1
S1727,2025-03-16,PHY101,66.95,4,1
S1727,2025-09-12,ENG101,65.65,4,1
S1728,2024-03-21,CSE101,72.1,4,1
S1728,2024-09-17,MTH101,64.38,4,1
S1728,2025-03-16,PHY101,61.3,4,1
S1728,2025-09-12,ENG101,61.82,4,1
S1729,2024-03-21,CSE101,80.28,4,1
S1729,2024-09-17,MTH101,90.26,4,1
S1729,2025-03-16,PHY101,82.92,4,1
S1729,2025-09-12,ENG101,90.58,4,1
S1730,2024-03-21,CSE101,79.23,4,1
S1730,2024-09-17,MTH101,58.54,4,1
S1730,2025-03-16,PHY101,62.43,4,1
S1730,2025-09-12,ENG101,72.27,4,1
S1731,2024-03-21,CSE101,71.1,4,1
S1731,2024-09-17,MTH101,35.61,4,0
S1731,2025-03-16,PHY101,67.93,4,1
S1731,2025-09-12,ENG101,63.21,4,1
S1732,2024-03-21,CSE101,53.54,4,1
S1732,2024-09-17,MTH101,67.94,4,1
S1732,2025-03-16,PHY101,49.92,4,1
S1732,2025-09-12,ENG101,58.84,4,1
S1733,2024-03-21,CSE101,75.6,4,1
S1733,2024-09-17,MTH101,82.44,4,1
S1733,2025-03-16,PHY101,53.6,4,1
S1733,2025-09-12,ENG101,69.16,4,1
S1734,2024-03-21,CSE101,66.1,4,1
S1734,2024-09-17,MTH101,69.05,4,1
S1734,2025-03-16,PHY101,68.57,4,1
S1734,2025-09-12,ENG101,76.04,4,1
S1735,2024-03-21,CSE101,73.0,4,1
S1735,2024-09-17,MTH101,53.37,4,1
S1735,2025-03-16,PHY101,53.31,4,1
S1735,2025-09-12,ENG101,54.63,4,1
S1736,2024-03-21,CSE101,60.28,4,1
S1736,2024-09-17,MTH101,65.81,4,1
S1736,2025-03-16,PHY101,43.87,4,1
S1736,2025-09-12,ENG101,68.14,4,1
S1737,2024-03-21,CSE101,78.07,4,1
S1737,2024-09-17,MTH101,51.95,4,1
S1737,2025-03-16,PHY101,69.81,4,1
S1737,2025-09-12,ENG101,58.45,4,1
S1738,2024-03-21,CSE101,71.38,4,1
S1738,2024-09-17,MTH101,68.11,4,1
S1738,2025-03-16,PHY101,79.53,4,1
S1738,2025-09-12,ENG101,56.38,4,1
S1739,2024-03-21,CSE101,64.35,4,1
S1739,2024-09-17,MTH101,85.19,4,1
S1739,2025-03-16,PHY101,71.87,4,1
S1739,2025-09-12,ENG101,64.34,4,1
S1740,2024-03-21,CSE101,55.49,4,1
S1740,2024-09-17,MTH101,75.8,4,1
S1740,2025-03-16,PHY101,87.09,4,1
S1740,2025-09-12,ENG101,60.02,4,1
S1741,2024-03-21,CSE101,73.56,4,1
S1741,2024-09-17,MTH101,62.64,4,1
S1741,2025-03-16,PHY101,55.75,4,1
S1741,2025-09-12,ENG101,70.56,4,1
S1742,2024-03-21,CSE101,72.22,4,1
S1742,2024-09-17,MTH101,54.4,4,1
S1742,2025-03-16,PHY101,50.26,4,1
S1742,2025-09-12,ENG101,55.07,4,1
S1743,2024-03-21,CSE101,64.93,4,1
S1743,2024-09-17,MTH101,48.31,4,1
S1743,2025-03-16,PHY101,58.87,4,1
S1743,2025-09-12,ENG101,82.3,4,1
S1744,2024-03-21,CSE101,65.79,4,1
S1744,2024-09-17,MTH101,61.67,4,1
S1744,2025-03-16,PHY101,51.62,4,1
S1744,2025-09-12,ENG101,58.93,4,1
S1745,2024-03-21,CSE101,74.26,4,1
S1745,2024-09-17,MTH101,99.05,4,1
S1745,2025-03-16,PHY101,82.01,4,1
S1745,2025-09-12,ENG101,63.62,4,1
S1746,2024-03-21,CSE101,70.92,4,1
S1746,2024-09-17,MTH101,61.02,4,1
S1746,2025-03-16,PHY101,45.0,4,1
S1746,2025-09-12,ENG101,76.13,4,1
S1747,2024-03-21,CSE101,58.01,4,1
S1747,2024-09-17,MTH101,59.71,4,1
S1747,2025-03-16,PHY101,72.86,4,1
S1747,2025-09-12,ENG101,64.73,4,1
S1748,2024-03-21,CSE101,71.65,4,1
S1748,2024-09-17,MTH101,69.31,4,1
S1748,2025-03-16,PHY101,56.01,4,1
S1748,2025-09-12,ENG101,63.38,4,1
S1749,2024-03-21,CSE101,74.15,4,1
S1749,2024-09-17,MTH101,66.99,4,1
S1749,2025-03-16,PHY101,61.82,4,1
S1749,2025-09-12,ENG101,54.23,4,1
S1750,2024-03-21,CSE101,54.48,4,1
S1750,2024-09-17,MTH101,77.73,4,1
S1750,2025-03-16,PHY101,52.25,4,1
S1750,2025-09-12,ENG101,51.1,4,1
S1751,2024-03-21,CSE101,77.73,4,1
S1751,2024-09-17,MTH101,70.78,4,1
S1751,2025-03-16,PHY101,80.34,4,1
S1751,2025-09-12,ENG101,64.08,4,1
S1752,2024-03-21,CSE101,58.35,4,1
S1752,2024-09-17,MTH101,71.68,4,1
S1752,2025-03-16,PHY101,70.93,4,1
S1752,2025-09-12,ENG101,69.99,4,1
S1753,2024-03-21,CSE101,54.45,4,1
S1753,2024-09-17,MTH101,65.75,4,1
S1753,2025-03-16,PHY101,66.46,4,1
S1753,2025-09-12,ENG101,63.4,4,1
S1754,2024-03-21,CSE101,58.1,4,1
S1754,2024-09-17,MTH101,55.39,4,1
S1754,2025-03-16,PHY101,56.61,4,1
S1754,2025-09-12,ENG101,73.74,4,1
S1755,2024-03-21,CSE101,61.64,4,1
S1755,2024-09-17,MTH101,83.17,4,1
S1755,2025-03-16,PHY101,81.36,4,1
S1755,2025-09-12,ENG101,57.43,4,1
S1756,2024-03-21,CSE101,53.45,4,1
S1756,2024-09-17,MTH101,60.04,4,1
S1756,2025-03-16,PHY101,71.49,4,1
S1756,2025-09-12,ENG101,65.08,4,1
S1757,2024-03-21,CSE101,71.91,4,1
S1757,2024-09-17,MTH101,61.1,4,1
S1757,2025-03-16,PHY101,78.46,4,1
S1757,2025-09-12,ENG101,69.09,4,1
S1758,2024-03-21,CSE101,65.96,4,1
S1758,2024-09-17,MTH101,72.07,4,1
S1758,2025-03-16,PHY101,65.57,4,1
S1758,2025-09-12,ENG101,80.93,4,1
S1759,2024-03-21,CSE101,49.06,4,1
S1759,2024-09-17,MTH101,62.59,4,1
S1759,2025-03-16,PHY101,63.45,4,1
S1759,2025-09-12,ENG101,75.69,4,1
S1760,2024-03-21,CSE101,71.51,4,1
S1760,2024-09-17,MTH101,69.01,4,1
S1760,2025-03-16,PHY101,65.1,4,1
S1760,2025-09-12,ENG101,73.91,4,1
S1761,2024-03-21,CSE101,59.91,4,1
S1761,2024-09-17,MTH101,74.87,4,1
S1761,2025-03-16,PHY101,77.28,4,1
S1761,2025-09-12,ENG101,77.03,4,1
S1762,2024-03-21,CSE101,78.59,4,1
S1762,2024-09-17,MTH101,65.98,4,1
S1762,2025-03-16,PHY101,58.87,4,1
S1762,2025-09-12,ENG101,76.16,4,1
S1763,2024-03-21,CSE101,81.43,4,1
S1763,2024-09-17,MTH101,75.4,4,1
S1763,2025-03-16,PHY101,70.37,4,1
S1763,2025-09-12,ENG101,86.81,4,1
S1764,2024-03-21,CSE101,57.22,4,1
S1764,2024-09-17,MTH101,64.6,4,1
S1764,2025-03-16,PHY101,60.27,4,1
S1764,2025-09-12,ENG101,67.11,4,1
S1765,2024-03-21,CSE101,60.18,4,1
S1765,2024-09-17,MTH101,89.7,4,1
S1765,2025-03-16,PHY101,65.65,4,1
S1765,2025-09-12,ENG101,77.96,4,1
S1766,2024-03-21,CSE101,80.37,4,1
S1766,2024-09-17,MTH101,83.77,4,1
S1766,2025-03-16,PHY101,93.42,4,1
S1766,2025-09-12,ENG101,68.36,4,1
S1767,2024-03-21,CSE101,53.16,4,1
S1767,2024-09-17,MTH101,55.06,4,1
S1767,2025-03-16,PHY101,62.21,4,1
S1767,2025-09-12,ENG101,53.38,4,1
S1768,2024-03-21,CSE101,74.33,4,1
S1768,2024-09-17,MTH101,75.57,4,1
S1768,2025-03-16,PHY101,59.07,4,1
S1768,2025-09-12,ENG101,73.72,4,1
S1769,2024-03-21,CSE101,51.73,4,1
S1769,2024-09-17,MTH101,77.68,4,1
S1769,2025-03-16,PHY101,90.99,4,1
S1769,2025-09-12,ENG101,70.57,4,1
S1770,2024-03-21,CSE101,68.06,4,1
S1770,2024-09-17,MTH101,50.94,4,1
S1770,2025-03-16,PHY101,67.27,4,1
S1770,2025-09-12,ENG101,75.44,4,1
S1771,2024-03-21,CSE101,61.61,4,1
S1771,2024-09-17,MTH101,55.12,4,1
S1771,2025-03-16,PHY101,82.87,4,1
S1771,2025-09-12,ENG101,80.75,4,1
S1772,2024-03-21,CSE101,77.76,4,1
S1772,2024-09-17,MTH101,78.64,4,1
S1772,2025-03-16,PHY101,85.84,4,1
S1772,2025-09-12,ENG101,44.48,4,1
S1773,2024-03-21,CSE101,83.1,4,1
S1773,2024-09-17,MTH101,52.74,4,1
S1773,2025-03-16,PHY101,70.7,4,1
S1773,2025-09-12,ENG101,58.69,4,1
S1774,2024-03-21,CSE101,88.84,4,1
S1774,2024-09-17,MTH101,81.95,4,1
S1774,2025-03-16,PHY101,71.65,4,1
S1774,2025-09-12,ENG101,74.99,4,1
S1775,2024-03-21,CSE101,77.76,4,1
S1775,2024-09-17,MTH101,77.95,4,1
S1775,2025-03-16,PHY101,49.79,4,1
S1775,2025-09-12,ENG101,70.66,4,1
S1776,2024-03-21,CSE101,61.74,4,1
S1776,2024-09-17,MTH101,67.06,4,1
S1776,2025-03-16,PHY101,58.95,4,1
S1776,2025-09-12,ENG101,57.88,4,1
S1777,2024-03-21,CSE101,73.3,4,1
S1777,2024-09-17,MTH101,76.78,4,1
S1777,2025-03-16,PHY101,68.52,4,1
S1777,2025-09-12,ENG101,74.29,4,1
S1778,2024-03-21,CSE101,64.92,4,1
S1778,2024-09-17,MTH101,77.72,4,1
S1778,2025-03-16,PHY101,61.4,4,1
S1778,2025-09-12,ENG101,63.93,4,1
S1779,2024-03-21,CSE101,74.96,4,1
S1779,2024-09-17,MTH101,64.58,4,1
S1779,2025-03-16,PHY101,86.48,4,1
S1779,2025-09-12,ENG101,58.93,4,1
S1780,2024-03-21,CSE101,62.21,4,1
S1780,2024-09-17,MTH101,63.21,4,1
S1780,2025-03-16,PHY101,70.63,4,1
S1780,2025-09-12,ENG101,54.66,4,1
S1781,2024-03-21,CSE101,79.83,4,1
S1781,2024-09-17,MTH101,60.98,4,1
S1781,2025-03-16,PHY101,55.7,4,1
S1781,2025-09-12,ENG101,89.97,4,1
S1782,2024-03-21,CSE101,51.98,4,1
S1782,2024-09-17,MTH101,72.25,4,1
S1782,2025-03-16,PHY101,55.69,4,1
S1782,2025-09-12,ENG101,60.07,4,1
S1783,2024-03-21,CSE101,66.11,4,1
S1783,2024-09-17,MTH101,77.96,4,1
S1783,2025-03-16,PHY101,70.74,4,1
S1783,2025-09-12,ENG101,58.57,4,1
S1784,2024-03-21,CSE101,73.27,4,1
S1784,2024-09-17,MTH101,60.31,4,1
S1784,2025-03-16,PHY101,83.41,4,1
S1784,2025-09-12,ENG101,57.77,4,1
S1785,2024-03-21,CSE101,59.94,4,1
S1785,2024-09-17,MTH101,49.65,4,1
S1785,2025-03-16,PHY101,60.99,4,1
S1785,2025-09-12,ENG101,64.71,4,1
S1786,2024-03-21,CSE101,63.9,4,1
S1786,2024-09-17,MTH101,79.2,4,1
S1786,2025-03-16,PHY101,79.17,4,1
S1786,2025-09-12,ENG101,80.15,4,1
S1787,2024-03-21,CSE101,79.14,4,1
S1787,2024-09-17,MTH101,79.59,4,1
S1787,2025-03-16,PHY101,48.79,4,1
S1787,2025-09-12,ENG101,65.06,4,1
S1788,2024-03-21,CSE101,72.44,4,1
S1788,2024-09-17,MTH101,74.48,4,1
S1788,2025-03-16,PHY101,74.95,4,1
S1788,2025-09-12,ENG101,57.06,4,1
S1789,2024-03-21,CSE101,88.39,4,1
S1789,2024-09-17,MTH101,100.0,4,1
S1789,2025-03-16,PHY101,75.16,4,1
S1789,2025-09-12,ENG101,93.82,4,1
S1790,2024-03-21,CSE101,67.81,4,1
S1790,2024-09-17,MTH101,62.79,4,1
S1790,2025-03-16,PHY101,81.0,4,1
S1790,2025-09-12,ENG101,56.08,4,1
S1791,2024-03-21,CSE101,61.27,4,1
S1791,2024-09-17,MTH101,83.55,4,1
S1791,2025-03-16,PHY101,51.97,4,1
S1791,2025-09-12,ENG101,79.69,4,1
S1792,2024-03-21,CSE101,62.57,4,1
S1792,2024-09-17,MTH101,61.75,4,1
S1792,2025-03-16,PHY101,57.69,4,1
S1792,2025-09-12,ENG101,61.76,4,1
S1793,2024-03-21,CSE101,53.8,4,1
S1793,2024-09-17,MTH101,57.88,4,1
S1793,2025-03-16,PHY101,71.76,4,1
S1793,2025-09-12,ENG101,60.34,4,1
S1794,2024-03-21,CSE101,45.63,4,1
S1794,2024-09-17,MTH101,79.48,4,1
S1794,2025-03-16,PHY101,65.86,4,1
S1794,2025-09-12,ENG101,44.85,4,1
S1795,2024-03-21,CSE101,88.15,4,1
S1795,2024-09-17,MTH101,65.44,4,1
S1795,2025-03-16,PHY101,62.14,4,1
S1795,2025-09-12,ENG101,75.71,4,1
S1796,2024-03-21,CSE101,72.43,4,1
S1796,2024-09-17,MTH101,55.57,4,1
S1796,2025-03-16,PHY101,61.59,4,1
S1796,2025-09-12,ENG101,60.15,4,1
S1797,2024-03-21,CSE101,64.38,4,1
S1797,2024-09-17,MTH101,65.92,4,1
S1797,2025-03-16,PHY101,87.32,4,1
S1797,2025-09-12,ENG101,78.0,4,1
S1798,2024-03-21,CSE101,56.3,4,1
S1798,2024-09-17,MTH101,80.7,4,1
S1798,2025-03-16,PHY101,65.71,4,1
S1798,2025-09-12,ENG101,72.42,4,1
S1799,2024-03-21,CSE101,69.4,4,1
S1799,2024-09-17,MTH101,60.03,4,1
S1799,2025-03-16,PHY101,76.16,4,1
S1799,2025-09-12,ENG101,38.41,4,0
S1800,2024-03-21,CSE101,72.1,4,1
S1800,2024-09-17,MTH101,43.49,4,1
S1800,2025-03-16,PHY101,40.22,4,1
S1800,2025-09-12,ENG101,53.04,4,1
S1801,2024-03-21,CSE101,89.81,4,1
S1801,2024-09-17,MTH101,69.73,4,1
S1801,2025-03-16,PHY101,63.2,4,1
S1801,2025-09-12,ENG101,67.49,4,1
S1802,2024-03-21,CSE101,64.45,4,1
S1802,2024-09-17,MTH101,83.38,4,1
S1802,2025-03-16,PHY101,72.3,4,1
S1802,2025-09-12,ENG101,73.12,4,1
S1803,2024-03-21,CSE101,92.48,4,1
S1803,2024-09-17,MTH101,64.02,4,1
S1803,2025-03-16,PHY101,59.42,4,1
S1803,2025-09-12,ENG101,67.6,4,1
S1804,2024-03-21,CSE101,91.67,4,1
S1804,2024-09-17,MTH101,60.28,4,1
S1804,2025-03-16,PHY101,62.48,4,1
S1804,2025-09-12,ENG101,55.92,4,1
S1805,2024-03-21,CSE101,82.55,4,1
S1805,2024-09-17,MTH101,61.87,4,1
S1805,2025-03-16,PHY101,72.54,4,1
S1805,2025-09-12,ENG101,62.23,4,1
S1806,2024-03-21,CSE101,66.95,4,1
S1806,2024-09-17,MTH101,76.04,4,1
S1806,2025-03-16,PHY101,65.16,4,1
S1806,2025-09-12,ENG101,51.6,4,1
S1807,2024-03-21,CSE101,73.66,4,1
S1807,2024-09-17,MTH101,59.59,4,1
S1807,2025-03-16,PHY101,64.32,4,1
S1807,2025-09-12,ENG101,47.61,4,1
S1808,2024-03-21,CSE101,61.93,4,1
S1808,2024-09-17,MTH101,75.43,4,1
S1808,2025-03-16,PHY101,66.48,4,1
S1808,2025-09-12,ENG101,59.99,4,1
S1809,2024-03-21,CSE101,47.66,4,1
S1809,2024-09-17,MTH101,45.62,4,1
S1809,2025-03-16,PHY101,57.6,4,1
S1809,2025-09-12,ENG101,56.1,4,1
S1810,2024-03-21,CSE101,98.41,4,1
S1810,2024-09-17,MTH101,67.06,4,1
S1810,2025-03-16,PHY101,81.49,4,1
S1810,2025-09-12,ENG101,68.35,4,1
S1811,2024-03-21,CSE101,85.12,4,1
S1811,2024-09-17,MTH101,81.53,4,1
S1811,2025-03-16,PHY101,49.62,4,1
S1811,2025-09-12,ENG101,71.48,4,1
S1812,2024-03-21,CSE101,67.47,4,1
S1812,2024-09-17,MTH101,62.04,4,1
S1812,2025-03-16,PHY101,65.71,4,1
S1812,2025-09-12,ENG101,83.91,4,1
S1813,2024-03-21,CSE101,57.78,4,1
S1813,2024-09-17,MTH101,61.17,4,1
S1813,2025-03-16,PHY101,56.3,4,1
S1813,2025-09-12,ENG101,58.62,4,1
S1814,2024-03-21,CSE101,80.07,4,1
S1814,2024-09-17,MTH101,80.49,4,1
S1814,2025-03-16,PHY101,58.88,4,1
S1814,2025-09-12,ENG101,76.07,4,1
S1815,2024-03-21,CSE101,68.84,4,1
S1815,2024-09-17,MTH101,61.77,4,1
S1815,2025-03-16,PHY101,82.09,4,1
S1815,2025-09-12,ENG101,72.25,4,1
S1816,2024-03-21,CSE101,55.1,4,1
S1816,2024-09-17,MTH101,62.62,4,1
S1816,2025-03-16,PHY101,78.46,4,1
S1816,2025-09-12,ENG101,70.82,4,1
S1817,2024-03-21,CSE101,50.76,4,1
S1817,2024-09-17,MTH101,59.52,4,1
S1817,2025-03-16,PHY101,48.22,4,1
S1817,2025-09-12,ENG101,67.62,4,1
S1818,2024-03-21,CSE101,88.01,4,1
S1818,2024-09-17,MTH101,70.24,4,1
S1818,2025-03-16,PHY101,80.86,4,1
S1818,2025-09-12,ENG101,64.83,4,1
S1819,2024-03-21,CSE101,57.14,4,1
S1819,2024-09-17,MTH101,72.14,4,1
S1819,2025-03-16,PHY101,59.57,4,1
S1819,2025-09-12,ENG101,55.1,4,1
S1820,2024-03-21,CSE101,56.59,4,1
S1820,2024-09-17,MTH101,74.72,4,1
S1820,2025-03-16,PHY101,67.7,4,1
S1820,2025-09-12,ENG101,57.66,4,1
S1821,2024-03-21,CSE101,51.96,4,1
S1821,2024-09-17,MTH101,62.6,4,1
S1821,2025-03-16,PHY101,76.93,4,1
S1821,2025-09-12,ENG101,49.3,4,1
S1822,2024-03-21,CSE101,75.95,4,1
S1822,2024-09-17,MTH101,78.42,4,1
S1822,2025-03-16,PHY101,66.15,4,1
S1822,2025-09-12,ENG101,60.45,4,1
S1823,2024-03-21,CSE101,70.03,4,1
S1823,2024-09-17,MTH101,46.78,4,1
S1823,2025-03-16,PHY101,66.42,4,1
S1823,2025-09-12,ENG101,61.46,4,1
S1824,2024-03-21,CSE101,90.02,4,1
S1824,2024-09-17,MTH101,67.05,4,1
S1824,2025-03-16,PHY101,72.99,4,1
S1824,2025-09-12,ENG101,85.91,4,1
S1825,2024-03-21,CSE101,57.43,4,1
S1825,2024-09-17,MTH101,64.82,4,1
S1825,2025-03-16,PHY101,78.98,4,1
S1825,2025-09-12,ENG101,78.38,4,1
S1826,2024-03-21,CSE101,87.32,4,1
S1826,2024-09-17,MTH101,55.43,4,1
S1826,2025-03-16,PHY101,63.26,4,1
S1826,2025-09-12,ENG101,68.7,4,1
S1827,2024-03-21,CSE101,76.49,4,1
S1827,2024-09-17,MTH101,71.22,4,1
S1827,2025-03-16,PHY101,88.58,4,1
S1827,2025-09-12,ENG101,80.95,4,1
S1828,2024-03-21,CSE101,73.32,4,1
S1828,2024-09-17,MTH101,80.14,4,1
S1828,2025-03-16,PHY101,78.3,4,1
S1828,2025-09-12,ENG101,72.29,4,1
S1829,2024-03-21,CSE101,75.87,4,1
S1829,2024-09-17,MTH101,61.43,4,1
S1829,2025-03-16,PHY101,66.89,4,1
S1829,2025-09-12,ENG101,54.44,4,1
S1830,2024-03-21,CSE101,65.27,4,1
S1830,2024-09-17,MTH101,58.24,4,1
S1830,2025-03-16,PHY101,66.87,4,1
S1830,2025-09-12,ENG101,60.77,4,1
S1831,2024-03-21,CSE101,78.3,4,1
S1831,2024-09-17,MTH101,63.51,4,1
S1831,2025-03-16,PHY101,72.82,4,1
S1831,2025-09-12,ENG101,50.72,4,1
S1832,2024-03-21,CSE101,69.29,4,1
S1832,2024-09-17,MTH101,53.19,4,1
S1832,2025-03-16,PHY101,59.81,4,1
S1832,2025-09-12,ENG101,86.22,4,1
S1833,2024-03-21,CSE101,51.82,4,1
S1833,2024-09-17,MTH101,77.7,4,1
S1833,2025-03-16,PHY101,67.28,4,1
S1833,2025-09-12,ENG101,85.18,4,1
S1834,2024-03-21,CSE101,80.7,4,1
S1834,2024-09-17,MTH101,69.2,4,1
S1834,2025-03-16,PHY101,55.53,4,1
S1834,2025-09-12,ENG101,57.95,4,1
S1835,2024-03-21,CSE101,52.0,4,1
S1835,2024-09-17,MTH101,65.85,4,1
S1835,2025-03-16,PHY101,66.61,4,1
S1835,2025-09-12,ENG101,77.51,4,1
S1836,2024-03-21,CSE101,78.07,4,1
S1836,2024-09-17,MTH101,74.2,4,1
S1836,2025-03-16,PHY101,73.96,4,1
S1836,2025-09-12,ENG101,55.58,4,1
S1837,2024-03-21,CSE101,68.99,4,1
S1837,2024-09-17,MTH101,86.3,4,1
S1837,2025-03-16,PHY101,65.18,4,1
S1837,2025-09-12,ENG101,78.88,4,1
S1838,2024-03-21,CSE101,64.94,4,1
S1838,2024-09-17,MTH101,62.31,4,1
S1838,2025-03-16,PHY101,53.36,4,1
S1838,2025-09-12,ENG101,49.94,4,1
S1839,2024-03-21,CSE101,63.02,4,1
S1839,2024-09-17,MTH101,85.19,4,1
S1839,2025-03-16,PHY101,75.51,4,1
S1839,2025-09-12,ENG101,73.39,4,1
S1840,2024-03-21,CSE101,59.76,4,1
S1840,2024-09-17,MTH101,71.77,4,1
S1840,2025-03-16,PHY101,76.4,4,1
S1840,2025-09-12,ENG101,72.82,4,1
S1841,2024-03-21,CSE101,56.11,4,1
S1841,2024-09-17,MTH101,70.59,4,1
S1841,2025-03-16,PHY101,40.36,4,1
S1841,2025-09-12,ENG101,72.19,4,1
S1842,2024-03-21,CSE101,54.69,4,1
S1842,2024-09-17,MTH101,59.72,4,1
S1842,2025-03-16,PHY101,61.27,4,1
S1842,2025-09-12,ENG101,58.9,4,1
S1843,2024-03-21,CSE101,58.86,4,1
S1843,2024-09-17,MTH101,55.98,4,1
S1843,2025-03-16,PHY101,65.49,4,1
S1843,2025-09-12,ENG101,78.92,4,1
S1844,2024-03-21,CSE101,57.56,4,1
S1844,2024-09-17,MTH101,63.47,4,1
S1844,2025-03-16,PHY101,70.4,4,1
S1844,2025-09-12,ENG101,68.37,4,1
S1845,2024-03-21,CSE101,73.5,4,1
S1845,2024-09-17,MTH101,66.65,4,1
S1845,2025-03-16,PHY101,62.74,4,1
S1845,2025-09-12,ENG101,64.29,4,1
S1846,2024-03-21,CSE101,60.69,4,1
S1846,2024-09-17,MTH101,57.16,4,1
S1846,2025-03-16,PHY101,66.96,4,1
S1846,2025-09-12,ENG101,62.66,4,1
S1847,2024-03-21,CSE101,60.94,4,1
S1847,2024-09-17,MTH101,47.19,4,1
S1847,2025-03-16,PHY101,75.49,4,1
S1847,2025-09-12,ENG101,80.7,4,1
S1848,2024-03-21,CSE101,56.03,4,1
S1848,2024-09-17,MTH101,55.02,4,1
S1848,2025-03-16,PHY101,76.5,4,1
S1848,2025-09-12,ENG101,53.98,4,1
S1849,2024-03-21,CSE101,66.03,4,1
S1849,2024-09-17,MTH101,81.87,4,1
S1849,2025-03-16,PHY101,71.69,4,1
S1849,2025-09-12,ENG101,45.2,4,1
S1850,2024-03-21,CSE101,51.46,4,1
S1850,2024-09-17,MTH101,73.63,4,1
S1850,2025-03-16,PHY101,77.87,4,1
S1850,2025-09-12,ENG101,77.54,4,1
S1851,2024-03-21,CSE101,69.81,4,1
S1851,2024-09-17,MTH101,53.57,4,1
S1851,2025-03-16,PHY101,82.42,4,1
S1851,2025-09-12,ENG101,54.38,4,1
S1852,2024-03-21,CSE101,55.41,4,1
S1852,2024-09-17,MTH101,83.81,4,1
S1852,2025-03-16,PHY101,59.43,4,1
S1852,2025-09-12,ENG101,63.65,4,1
S1853,2024-03-21,CSE101,65.58,4,1
S1853,2024-09-17,MTH101,84.91,4,1
S1853,2025-03-16,PHY101,75.38,4,1
S1853,2025-09-12,ENG101,58.59,4,1
S1854,2024-03-21,CSE101,77.8,4,1
S1854,2024-09-17,MTH101,54.42,4,1
S1854,2025-03-16,PHY101,62.93,4,1
S1854,2025-09-12,ENG101,75.69,4,1
S1855,2024-03-21,CSE101,70.58,4,1
S1855,2024-09-17,MTH101,73.61,4,1
S1855,2025-03-16,PHY101,68.06,4,1
S1855,2025-09-12,ENG101,60.46,4,1
S1856,2024-03-21,CSE101,80.79,4,1
S1856,2024-09-17,MTH101,63.47,4,1
S1856,2025-03-16,PHY101,72.67,4,1
S1856,2025-09-12,ENG101,89.24,4,1
S1857,2024-03-21,CSE101,57.49,4,1
S1857,2024-09-17,MTH101,64.3,4,1
S1857,2025-03-16,PHY101,53.84,4,1
S1857,2025-09-12,ENG101,54.61,4,1
S1858,2024-03-21,CSE101,63.57,4,1
S1858,2024-09-17,MTH101,57.69,4,1
S1858,2025-03-16,PHY101,93.04,4,1
S1858,2025-09-12,ENG101,60.51,4,1
S1859,2024-03-21,CSE101,65.69,4,1
S1859,2024-09-17,MTH101,65.39,4,1
S1859,2025-03-16,PHY101,81.99,4,1
S1859,2025-09-12,ENG101,49.33,4,1
S1860,2024-03-21,CSE101,70.66,4,1
S1860,2024-09-17,MTH101,76.59,4,1
S1860,2025-03-16,PHY101,57.55,4,1
S1860,2025-09-12,ENG101,57.74,4,1
S1861,2024-03-21,CSE101,75.61,4,1
S1861,2024-09-17,MTH101,63.28,4,1
S1861,2025-03-16,PHY101,78.34,4,1
S1861,2025-09-12,ENG101,62.58,4,1
S1862,2024-03-21,CSE101,59.23,4,1
S1862,2024-09-17,MTH101,64.69,4,1
S1862,2025-03-16,PHY101,58.05,4,1
S1862,2025-09-12,ENG101,59.55,4,1
S1863,2024-03-21,CSE101,64.41,4,1
S1863,2024-09-17,MTH101,59.79,4,1
S1863,2025-03-16,PHY101,82.45,4,1
S1863,2025-09-12,ENG101,62.59,4,1
S1864,2024-03-21,CSE101,58.78,4,1
S1864,2024-09-17,MTH101,75.07,4,1
S1864,2025-03-16,PHY101,67.15,4,1
S1864,2025-09-12,ENG101,51.99,4,1
S1865,2024-03-21,CSE101,88.57,4,1
S1865,2024-09-17,MTH101,100.0,4,1
S1865,2025-03-16,PHY101,71.82,4,1
S1865,2025-09-12,ENG101,80.15,4,1
S1866,2024-03-21,CSE101,79.72,4,1
S1866,2024-09-17,MTH101,53.18,4,1
S1866,2025-03-16,PHY101,47.06,4,1
S1866,2025-09-12,ENG101,58.14,4,1
S1867,2024-03-21,CSE101,72.53,4,1
S1867,2024-09-17,MTH101,87.06,4,1
S1867,2025-03-16,PHY101,69.03,4,1
S1867,2025-09-12,ENG101,93.7,4,1
S1868,2024-03-21,CSE101,63.74,4,1
S1868,2024-09-17,MTH101,63.38,4,1
S1868,2025-03-16,PHY101,63.01,4,1
S1868,2025-09-12,ENG101,58.74,4,1
S1869,2024-03-21,CSE101,79.76,4,1
S1869,2024-09-17,MTH101,70.22,4,1
S1869,2025-03-16,PHY101,76.71,4,1
S1869,2025-09-12,ENG101,76.99,4,1
S1870,2024-03-21,CSE101,56.27,4,1
S1870,2024-09-17,MTH101,83.36,4,1
S1870,2025-03-16,PHY101,74.27,4,1
S1870,2025-09-12,ENG101,66.46,4,1
S1871,2024-03-21,CSE101,75.42,4,1
S1871,2024-09-17,MTH101,62.76,4,1
S1871,2025-03-16,PHY101,74.11,4,1
S1871,2025-09-12,ENG101,57.84,4,1
S1872,2024-03-21,CSE101,56.08,4,1
S1872,2024-09-17,MTH101,62.03,4,1
S1872,2025-03-16,PHY101,67.76,4,1
S1872,2025-09-12,ENG101,70.92,4,1
S1873,2024-03-21,CSE101,44.96,4,1
S1873,2024-09-17,MTH101,66.09,4,1
S1873,2025-03-16,PHY101,41.87,4,1
S1873,2025-09-12,ENG101,61.38,4,1
S1874,2024-03-21,CSE101,50.62,4,1
S1874,2024-09-17,MTH101,48.82,4,1
S1874,2025-03-16,PHY101,69.01,4,1
S1874,2025-09-12,ENG101,72.05,4,1
S1875,2024-03-21,CSE101,64.92,4,1
S1875,2024-09-17,MTH101,65.65,4,1
S1875,2025-03-16,PHY101,76.82,4,1
S1875,2025-09-12,ENG101,66.3,4,1
S1876,2024-03-21,CSE101,69.29,4,1
S1876,2024-09-17,MTH101,72.86,4,1
S1876,2025-03-16,PHY101,77.13,4,1
S1876,2025-09-12,ENG101,79.47,4,1
S1877,2024-03-21,CSE101,51.08,4,1
S1877,2024-09-17,MTH101,69.49,4,1
S1877,2025-03-16,PHY101,64.08,4,1
S1877,2025-09-12,ENG101,69.54,4,1
S1878,2024-03-21,CSE101,57.01,4,1
S1878,2024-09-17,MTH101,52.83,4,1
S1878,2025-03-16,PHY101,77.0,4,1
S1878,2025-09-12,ENG101,51.69,4,1
S1879,2024-03-21,CSE101,72.34,4,1
S1879,2024-09-17,MTH101,71.39,4,1
S1879,2025-03-16,PHY101,58.55,4,1
S1879,2025-09-12,ENG101,87.58,4,1
S1880,2024-03-21,CSE101,64.8,4,1
S1880,2024-09-17,MTH101,85.67,4,1
S1880,2025-03-16,PHY101,76.29,4,1
S1880,2025-09-12,ENG101,66.45,4,1
S1881,2024-03-21,CSE101,70.65,4,1
S1881,2024-09-17,MTH101,87.1,4,1
S1881,2025-03-16,PHY101,64.02,4,1
S1881,2025-09-12,ENG101,64.49,4,1
S1882,2024-03-21,CSE101,69.51,4,1
S1882,2024-09-17,MTH101,60.55,4,1
S1882,2025-03-16,PHY101,81.45,4,1
S1882,2025-09-12,ENG101,52.87,4,1
S1883,2024-03-21,CSE101,67.13,4,1
S1883,2024-09-17,MTH101,62.43,4,1
S1883,2025-03-16,PHY101,64.19,4,1
S1883,2025-09-12,ENG101,58.55,4,1
S1884,2024-03-21,CSE101,69.01,4,1
S1884,2024-09-17,MTH101,59.06,4,1
S1884,2025-03-16,PHY101,78.18,4,1
S1884,2025-09-12,ENG101,71.21,4,1
S1885,2024-03-21,CSE101,73.77,4,1
S1885,2024-09-17,MTH101,66.89,4,1
S1885,2025-03-16,PHY101,75.32,4,1
S1885,2025-09-12,ENG101,60.92,4,1
S1886,2024-03-21,CSE101,63.09,4,1
S1886,2024-09-17,MTH101,62.89,4,1
S1886,2025-03-16,PHY101,34.36,4,0
S1886,2025-09-12,ENG101,67.85,4,1
S1887,2024-03-21,CSE101,81.3,4,1
S1887,2024-09-17,MTH101,72.0,4,1
S1887,2025-03-16,PHY101,54.68,4,1
S1887,2025-09-12,ENG101,47.54,4,1
S1888,2024-03-21,CSE101,85.91,4,1
S1888,2024-09-17,MTH101,80.89,4,1
S1888,2025-03-16,PHY101,68.3,4,1
S1888,2025-09-12,ENG101,74.59,4,1
S1889,2024-03-21,CSE101,63.49,4,1
S1889,2024-09-17,MTH101,53.32,4,1
S1889,2025-03-16,PHY101,52.41,4,1
S1889,2025-09-12,ENG101,72.12,4,1
S1890,2024-03-21,CSE101,46.59,4,1
S1890,2024-09-17,MTH101,47.14,4,1
S1890,2025-03-16,PHY101,48.2,4,1
S1890,2025-09-12,ENG101,68.38,4,1
S1891,2024-03-21,CSE101,66.13,4,1
S1891,2024-09-17,MTH101,60.64,4,1
S1891,2025-03-16,PHY101,67.0,4,1
S1891,2025-09-12,ENG101,73.51,4,1
S1892,2024-03-21,CSE101,74.64,4,1
S1892,2024-09-17,MTH101,72.09,4,1
S1892,2025-03-16,PHY101,88.28,4,1
S1892,2025-09-12,ENG101,75.7,4,1
S1893,2024-03-21,CSE101,63.45,4,1
S1893,2024-09-17,MTH101,47.14,4,1
S1893,2025-03-16,PHY101,54.93,4,1
S1893,2025-09-12,ENG101,60.06,4,1
S1894,2024-03-21,CSE101,69.22,4,1
S1894,2024-09-17,MTH101,60.81,4,1
S1894,2025-03-16,PHY101,88.02,4,1
S1894,2025-09-12,ENG101,56.09,4,1
S1895,2024-03-21,CSE101,62.75,4,1
S1895,2024-09-17,MTH101,66.25,4,1
S1895,2025-03-16,PHY101,86.98,4,1
S1895,2025-09-12,ENG101,79.59,4,1
S1896,2024-03-21,CSE101,56.53,4,1
S1896,2024-09-17,MTH101,77.23,4,1
S1896,2025-03-16,PHY101,49.78,4,1
S1896,2025-09-12,ENG101,66.68,4,1
S1897,2024-03-21,CSE101,54.86,4,1
S1897,2024-09-17,MTH101,67.37,4,1
S1897,2025-03-16,PHY101,50.65,4,1
S1897,2025-09-12,ENG101,69.38,4,1
S1898,2024-03-21,CSE101,58.67,4,1
S1898,2024-09-17,MTH101,52.47,4,1
S1898,2025-03-16,PHY101,59.63,4,1
S1898,2025-09-12,ENG101,57.67,4,1
S1899,2024-03-21,CSE101,56.05,4,1
S1899,2024-09-17,MTH101,64.29,4,1
S1899,2025-03-16,PHY101,57.42,4,1
S1899,2025-09-12,ENG101,55.18,4,1
S1900,2024-03-21,CSE101,83.07,4,1
S1900,2024-09-17,MTH101,63.96,4,1
S1900,2025-03-16,PHY101,58.23,4,1
S1900,2025-09-12,ENG101,55.97,4,1
S1901,2024-03-21,CSE101,53.25,4,1
S1901,2024-09-17,MTH101,72.37,4,1
S1901,2025-03-16,PHY101,65.51,4,1
S1901,2025-09-12,ENG101,44.23,4,1
S1902,2024-03-21,CSE101,58.35,4,1
S1902,2024-09-17,MTH101,69.7,4,1
S1902,2025-03-16,PHY101,58.9,4,1
S1902,2025-09-12,ENG101,40.52,4,1
S1903,2024-03-21,CSE101,50.76,4,1
S1903,2024-09-17,MTH101,57.26,4,1
S1903,2025-03-16,PHY101,49.2,4,1
S1903,2025-09-12,ENG101,52.95,4,1
S1904,2024-03-21,CSE101,73.99,4,1
S1904,2024-09-17,MTH101,64.89,4,1
S1904,2025-03-16,PHY101,62.87,4,1
S1904,2025-09-12,ENG101,66.42,4,1
S1905,2024-03-21,CSE101,66.26,4,1
S1905,2024-09-17,MTH101,80.46,4,1
S1905,2025-03-16,PHY101,75.36,4,1
S1905,2025-09-12,ENG101,100.0,4,1
S1906,2024-03-21,CSE101,56.68,4,1
S1906,2024-09-17,MTH101,50.46,4,1
S1906,2025-03-16,PHY101,70.39,4,1
S1906,2025-09-12,ENG101,65.84,4,1
S1907,2024-03-21,CSE101,71.11,4,1
S1907,2024-09-17,MTH101,60.09,4,1
S1907,2025-03-16,PHY101,66.34,4,1
S1907,2025-09-12,ENG101,75.41,4,1
S1908,2024-03-21,CSE101,68.86,4,1
S1908,2024-09-17,MTH101,43.01,4,1
S1908,2025-03-16,PHY101,77.25,4,1
S1908,2025-09-12,ENG101,72.59,4,1
S1909,2024-03-21,CSE101,63.96,4,1
S1909,2024-09-17,MTH101,52.51,4,1
S1909,2025-03-16,PHY101,83.34,4,1
S1909,2025-09-12,ENG101,76.64,4,1
S1910,2024-03-21,CSE101,79.7,4,1
S1910,2024-09-17,MTH101,77.65,4,1
S1910,2025-03-16,PHY101,59.66,4,1
S1910,2025-09-12,ENG101,49.03,4,1
S1911,2024-03-21,CSE101,54.34,4,1
S1911,2024-09-17,MTH101,58.66,4,1
S1911,2025-03-16,PHY101,69.19,4,1
S1911,2025-09-12,ENG101,61.56,4,1
S1912,2024-03-21,CSE101,45.03,4,1
S1912,2024-09-17,MTH101,56.79,4,1
S1912,2025-03-16,PHY101,64.03,4,1
S1912,2025-09-12,ENG101,54.93,4,1
S1913,2024-03-21,CSE101,59.28,4,1
S1913,2024-09-17,MTH101,68.64,4,1
S1913,2025-03-16,PHY101,73.14,4,1
S1913,2025-09-12,ENG101,59.35,4,1
S1914,2024-03-21,CSE101,53.53,4,1
S1914,2024-09-17,MTH101,62.94,4,1
S1914,2025-03-16,PHY101,61.14,4,1
S1914,2025-09-12,ENG101,67.04,4,1
S1915,2024-03-21,CSE101,89.36,4,1
S1915,2024-09-17,MTH101,73.8,4,1
S1915,2025-03-16,PHY101,85.63,4,1
S1915,2025-09-12,ENG101,82.82,4,1
S1916,2024-03-21,CSE101,80.29,4,1
S1916,2024-09-17,MTH101,63.05,4,1
S1916,2025-03-16,PHY101,68.25,4,1
S1916,2025-09-12,ENG101,49.89,4,1
S1917,2024-03-21,CSE101,67.33,4,1
S1917,2024-09-17,MTH101,78.61,4,1
S1917,2025-03-16,PHY101,81.35,4,1
S1917,2025-09-12,ENG101,81.6,4,1
S1918,2024-03-21,CSE101,87.88,4,1
S1918,2024-09-17,MTH101,73.48,4,1
S1918,2025-03-16,PHY101,62.17,4,1
S1918,2025-09-12,ENG101,71.83,4,1
S1919,2024-03-21,CSE101,83.05,4,1
S1919,2024-09-17,MTH101,44.34,4,1
S1919,2025-03-16,PHY101,79.8,4,1
S1919,2025-09-12,ENG101,49.44,4,1
S1920,2024-03-21,CSE101,78.69,4,1
S1920,2024-09-17,MTH101,43.98,4,1
S1920,2025-03-16,PHY101,66.34,4,1
S1920,2025-09-12,ENG101,60.65,4,1
S1921,2024-03-21,CSE101,72.13,4,1
S1921,2024-09-17,MTH101,70.6,4,1
S1921,2025-03-16,PHY101,63.89,4,1
S1921,2025-09-12,ENG101,51.35,4,1
S1922,2024-03-21,CSE101,72.81,4,1
S1922,2024-09-17,MTH101,78.54,4,1
S1922,2025-03-16,PHY101,74.94,4,1
S1922,2025-09-12,ENG101,72.5,4,1
S1923,2024-03-21,CSE101,77.65,4,1
S1923,2024-09-17,MTH101,98.08,4,1
S1923,2025-03-16,PHY101,84.23,4,1
S1923,2025-09-12,ENG101,58.54,4,1
S1924,2024-03-21,CSE101,56.92,4,1
S1924,2024-09-17,MTH101,90.48,4,1
S1924,2025-03-16,PHY101,66.74,4,1
S1924,2025-09-12,ENG101,75.11,4,1
S1925,2024-03-21,CSE101,66.49,4,1
S1925,2024-09-17,MTH101,85.62,4,1
S1925,2025-03-16,PHY101,50.49,4,1
S1925,2025-09-12,ENG101,71.52,4,1
S1926,2024-03-21,CSE101,65.6,4,1
S1926,2024-09-17,MTH101,54.68,4,1
S1926,2025-03-16,PHY101,66.34,4,1
S1926,2025-09-12,ENG101,36.44,4,0
S1927,2024-03-21,CSE101,58.33,4,1
S1927,2024-09-17,MTH101,69.03,4,1
S1927,2025-03-16,PHY101,62.91,4,1
S1927,2025-09-12,ENG101,70.93,4,1
S1928,2024-03-21,CSE101,75.11,4,1
S1928,2024-09-17,MTH101,67.35,4,1
S1928,2025-03-16,PHY101,52.28,4,1
S1928,2025-09-12,ENG101,73.9,4,1
S1929,2024-03-21,CSE101,52.36,4,1
S1929,2024-09-17,MTH101,54.14,4,1
S1929,2025-03-16,PHY101,71.97,4,1
S1929,2025-09-12,ENG101,65.72,4,1
S1930,2024-03-21,CSE101,69.01,4,1
S1930,2024-09-17,MTH101,73.07,4,1
S1930,2025-03-16,PHY101,54.44,4,1
S1930,2025-09-12,ENG101,69.89,4,1
S1931,2024-03-21,CSE101,39.88,4,0
S1931,2024-09-17,MTH101,59.61,4,1
S1931,2025-03-16,PHY101,71.44,4,1
S1931,2025-09-12,ENG101,79.25,4,1
S1932,2024-03-21,CSE101,79.09,4,1
S1932,2024-09-17,MTH101,55.86,4,1
S1932,2025-03-16,PHY101,79.34,4,1
S1932,2025-09-12,ENG101,75.98,4,1
S1933,2024-03-21,CSE101,72.73,4,1
S1933,2024-09-17,MTH101,66.23,4,1
S1933,2025-03-16,PHY101,59.99,4,1
S1933,2025-09-12,ENG101,66.14,4,1
S1934,2024-03-21,CSE101,77.94,4,1
S1934,2024-09-17,MTH101,72.55,4,1
S1934,2025-03-16,PHY101,69.1,4,1
S1934,2025-09-12,ENG101,55.82,4,1
S1935,2024-03-21,CSE101,85.75,4,1
S1935,2024-09-17,MTH101,85.58,4,1
S1935,2025-03-16,PHY101,80.41,4,1
S1935,2025-09-12,ENG101,60.94,4,1
S1936,2024-03-21,CSE101,72.32,4,1
S1936,2024-09-17,MTH101,69.31,4,1
S1936,2025-03-16,PHY101,55.83,4,1
S1936,2025-09-12,ENG101,47.45,4,1
S1937,2024-03-21,CSE101,75.89,4,1
S1937,2024-09-17,MTH101,70.4,4,1
S1937,2025-03-16,PHY101,61.22,4,1
S1937,2025-09-12,ENG101,64.92,4,1
S1938,2024-03-21,CSE101,83.56,4,1
S1938,2024-09-17,MTH101,52.44,4,1
S1938,2025-03-16,PHY101,59.93,4,1
S1938,2025-09-12,ENG101,59.85,4,1
S1939,2024-03-21,CSE101,73.99,4,1
S1939,2024-09-17,MTH101,71.86,4,1
S1939,2025-03-16,PHY101,65.36,4,1
S1939,2025-09-12,ENG101,47.46,4,1
S1940,2024-03-21,CSE101,56.92,4,1
S1940,2024-09-17,MTH101,60.32,4,1
S1940,2025-03-16,PHY101,66.29,4,1
S1940,2025-09-12,ENG101,67.63,4,1
S1941,2024-03-21,CSE101,71.18,4,1
S1941,2024-09-17,MTH101,56.56,4,1
S1941,2025-03-16,PHY101,69.1,4,1
S1941,2025-09-12,ENG101,55.33,4,1
S1942,2024-03-21,CSE101,76.78,4,1
S1942,2024-09-17,MTH101,82.05,4,1
S1942,2025-03-16,PHY101,76.37,4,1
S1942,2025-09-12,ENG101,64.53,4,1
S1943,2024-03-21,CSE101,83.92,4,1
S1943,2024-09-17,MTH101,75.96,4,1
S1943,2025-03-16,PHY101,59.58,4,1
S1943,2025-09-12,ENG101,65.09,4,1
S1944,2024-03-21,CSE101,59.89,4,1
S1944,2024-09-17,MTH101,73.78,4,1
S1944,2025-03-16,PHY101,64.62,4,1
S1944,2025-09-12,ENG101,62.32,4,1
S1945,2024-03-21,CSE101,53.0,4,1
S1945,2024-09-17,MTH101,78.78,4,1
S1945,2025-03-16,PHY101,57.03,4,1
S1945,2025-09-12,ENG101,57.97,4,1
S1946,2024-03-21,CSE101,60.1,4,1
S1946,2024-09-17,MTH101,62.11,4,1
S1946,2025-03-16,PHY101,66.1,4,1
S1946,2025-09-12,ENG101,86.23,4,1
S1947,2024-03-21,CSE101,68.76,4,1
S1947,2024-09-17,MTH101,91.59,4,1
S1947,2025-03-16,PHY101,68.54,4,1
S1947,2025-09-12,ENG101,75.79,4,1
S1948,2024-03-21,CSE101,45.91,4,1
S1948,2024-09-17,MTH101,53.62,4,1
S1948,2025-03-16,PHY101,47.76,4,1
S1948,2025-09-12,ENG101,52.96,4,1
S1949,2024-03-21,CSE101,48.36,4,1
S1949,2024-09-17,MTH101,61.5,4,1
S1949,2025-03-16,PHY101,57.16,4,1
S1949,2025-09-12,ENG101,51.25,4,1
S1950,2024-03-21,CSE101,66.36,4,1
S1950,2024-09-17,MTH101,47.98,4,1
S1950,2025-03-16,PHY101,62.97,4,1
S1950,2025-09-12,ENG101,90.93,4,1
S1951,2024-03-21,CSE101,64.54,4,1
S1951,2024-09-17,MTH101,63.41,4,1
S1951,2025-03-16,PHY101,56.43,4,1
S1951,2025-09-12,ENG101,56.19,4,1
S1952,2024-03-21,CSE101,54.53,4,1
S1952,2024-09-17,MTH101,71.25,4,1
S1952,2025-03-16,PHY101,67.24,4,1
S1952,2025-09-12,ENG101,69.14,4,1
S1953,2024-03-21,CSE101,61.18,4,1
S1953,2024-09-17,MTH101,56.54,4,1
S1953,2025-03-16,PHY101,57.61,4,1
S1953,2025-09-12,ENG101,68.53,4,1
S1954,2024-03-21,CSE101,67.25,4,1
S1954,2024-09-17,MTH101,73.87,4,1
S1954,2025-03-16,PHY101,72.72,4,1
S1954,2025-09-12,ENG101,63.71,4,1
S1955,2024-03-21,CSE101,77.76,4,1
S1955,2024-09-17,MTH101,64.62,4,1
S1955,2025-03-16,PHY101,82.61,4,1
S1955,2025-09-12,ENG101,66.33,4,1
S1956,2024-03-21,CSE101,60.89,4,1
S1956,2024-09-17,MTH101,57.22,4,1
S1956,2025-03-16,PHY101,51.71,4,1
S1956,2025-09-12,ENG101,85.63,4,1
S1957,2024-03-21,CSE101,61.57,4,1
S1957,2024-09-17,MTH101,58.09,4,1
S1957,2025-03-16,PHY101,48.68,4,1
S1957,2025-09-12,ENG101,74.46,4,1
S1958,2024-03-21,CSE101,71.61,4,1
S1958,2024-09-17,MTH101,52.03,4,1
S1958,2025-03-16,PHY101,66.65,4,1
S1958,2025-09-12,ENG101,56.25,4,1
S1959,2024-03-21,CSE101,58.57,4,1
S1959,2024-09-17,MTH101,54.74,4,1
S1959,2025-03-16,PHY101,53.98,4,1
S1959,2025-09-12,ENG101,70.06,4,1
S1960,2024-03-21,CSE101,62.4,4,1
S1960,2024-09-17,MTH101,77.09,4,1
S1960,2025-03-16,PHY101,71.86,4,1
S1960,2025-09-12,ENG101,58.83,4,1
S1961,2024-03-21,CSE101,60.32,4,1
S1961,2024-09-17,MTH101,87.06,4,1
S1961,2025-03-16,PHY101,56.77,4,1
S1961,2025-09-12,ENG101,54.74,4,1
S1962,2024-03-21,CSE101,87.48,4,1
S1962,2024-09-17,MTH101,65.97,4,1
S1962,2025-03-16,PHY101,74.78,4,1
S1962,2025-09-12,ENG101,59.77,4,1
S1963,2024-03-21,CSE101,63.93,4,1
S1963,2024-09-17,MTH101,62.48,4,1
S1963,2025-03-16,PHY101,66.63,4,1
S1963,2025-09-12,ENG101,83.99,4,1
S1964,2024-03-21,CSE101,72.65,4,1
S1964,2024-09-17,MTH101,73.38,4,1
S1964,2025-03-16,PHY101,74.08,4,1
S1964,2025-09-12,ENG101,62.99,4,1
S1965,2024-03-21,CSE101,79.81,4,1
S1965,2024-09-17,MTH101,52.28,4,1
S1965,2025-03-16,PHY101,32.95,4,0
S1965,2025-09-12,ENG101,84.31,4,1
S1966,2024-03-21,CSE101,65.52,4,1
S1966,2024-09-17,MTH101,70.31,4,1
S1966,2025-03-16,PHY101,74.97,4,1
S1966,2025-09-12,ENG101,76.92,4,1
S1967,2024-03-21,CSE101,71.8,4,1
S1967,2024-09-17,MTH101,74.26,4,1
S1967,2025-03-16,PHY101,67.29,4,1
S1967,2025-09-12,ENG101,69.4,4,1
S1968,2024-03-21,CSE101,65.75,4,1
S1968,2024-09-17,MTH101,82.08,4,1
S1968,2025-03-16,PHY101,59.97,4,1
S1968,2025-09-12,ENG101,64.2,4,1
S1969,2024-03-21,CSE101,63.2,4,1
S1969,2024-09-17,MTH101,76.46,4,1
S1969,2025-03-16,PHY101,55.6,4,1
S1969,2025-09-12,ENG101,69.94,4,1
S1970,2024-03-21,CSE101,83.7,4,1
S1970,2024-09-17,MTH101,62.06,4,1
S1970,2025-03-16,PHY101,61.68,4,1
S1970,2025-09-12,ENG101,68.68,4,1
S1971,2024-03-21,CSE101,84.82,4,1
S1971,2024-09-17,MTH101,68.04,4,1
S1971,2025-03-16,PHY101,64.46,4,1
S1971,2025-09-12,ENG101,35.22,4,0
S1972,2024-03-21,CSE101,79.17,4,1
S1972,2024-09-17,MTH101,48.74,4,1
S1972,2025-03-16,PHY101,70.1,4,1
S1972,2025-09-12,ENG101,74.29,4,1
S1973,2024-03-21,CSE101,73.9,4,1
S1973,2024-09-17,MTH101,53.87,4,1
S1973,2025-03-16,PHY101,82.2,4,1
S1973,2025-09-12,ENG101,60.09,4,1
S1974,2024-03-21,CSE101,57.03,4,1
S1974,2024-09-17,MTH101,61.47,4,1
S1974,2025-03-16,PHY101,63.65,4,1
S1974,2025-09-12,ENG101,87.01,4,1
S1975,2024-03-21,CSE101,57.34,4,1
S1975,2024-09-17,MTH101,77.78,4,1
S1975,2025-03-16,PHY101,79.84,4,1
S1975,2025-09-12,ENG101,54.81,4,1
S1976,2024-03-21,CSE101,78.56,4,1
S1976,2024-09-17,MTH101,77.39,4,1
S1976,2025-03-16,PHY101,64.8,4,1
S1976,2025-09-12,ENG101,70.37,4,1
S1977,2024-03-21,CSE101,79.8,4,1
S1977,2024-09-17,MTH101,48.44,4,1
S1977,2025-03-16,PHY101,77.59,4,1
S1977,2025-09-12,ENG101,37.23,4,0
S1978,2024-03-21,CSE101,78.69,4,1
S1978,2024-09-17,MTH101,67.02,4,1
S1978,2025-03-16,PHY101,55.29,4,1
S1978,2025-09-12,ENG101,65.65,4,1
S1979,2024-03-21,CSE101,67.65,4,1
S1979,2024-09-17,MTH101,77.26,4,1
S1979,2025-03-16,PHY101,70.75,4,1
S1979,2025-09-12,ENG101,60.84,4,1
S1980,2024-03-21,CSE101,78.44,4,1
S1980,2024-09-17,MTH101,54.34,4,1
S1980,2025-03-16,PHY101,55.52,4,1
S1980,2025-09-12,ENG101,62.18,4,1
S1981,2024-03-21,CSE101,76.51,4,1
S1981,2024-09-17,MTH101,56.78,4,1
S1981,2025-03-16,PHY101,78.64,4,1
S1981,2025-09-12,ENG101,57.88,4,1
S1982,2024-03-21,CSE101,62.03,4,1
S1982,2024-09-17,MTH101,71.35,4,1
S1982,2025-03-16,PHY101,63.68,4,1
S1982,2025-09-12,ENG101,94.94,4,1
S1983,2024-03-21,CSE101,59.2,4,1
S1983,2024-09-17,MTH101,66.64,4,1
S1983,2025-03-16,PHY101,53.63,4,1
S1983,2025-09-12,ENG101,61.42,4,1
S1984,2024-03-21,CSE101,38.89,4,0
S1984,2024-09-17,MTH101,61.17,4,1
S1984,2025-03-16,PHY101,58.47,4,1
S1984,2025-09-12,ENG101,70.77,4,1
S1985,2024-03-21,CSE101,81.54,4,1
S1985,2024-09-17,MTH101,94.48,4,1
S1985,2025-03-16,PHY101,81.09,4,1
S1985,2025-09-12,ENG101,95.54,4,1
S1986,2024-03-21,CSE101,71.95,4,1
S1986,2024-09-17,MTH101,63.6,4,1
S1986,2025-03-16,PHY101,61.9,4,1
S1986,2025-09-12,ENG101,49.46,4,1
S1987,2024-03-21,CSE101,73.63,4,1
S1987,2024-09-17,MTH101,85.57,4,1
S1987,2025-03-16,PHY101,69.82,4,1
S1987,2025-09-12,ENG101,56.0,4,1
S1988,2024-03-21,CSE101,72.66,4,1
S1988,2024-09-17,MTH101,64.06,4,1
S1988,2025-03-16,PHY101,70.31,4,1
S1988,2025-09-12,ENG101,76.97,4,1
S1989,2024-03-21,CSE101,62.58,4,1
S1989,2024-09-17,MTH101,46.82,4,1
S1989,2025-03-16,PHY101,61.98,4,1
S1989,2025-09-12,ENG101,40.75,4,1
S1990,2024-03-21,CSE101,76.36,4,1
S1990,2024-09-17,MTH101,61.31,4,1
S1990,2025-03-16,PHY101,62.0,4,1
S1990,2025-09-12,ENG101,60.15,4,1
S1991,2024-03-21,CSE101,81.02,4,1
S1991,2024-09-17,MTH101,67.68,4,1
S1991,2025-03-16,PHY101,58.54,4,1
S1991,2025-09-12,ENG101,82.96,4,1
S1992,2024-03-21,CSE101,68.53,4,1
S1992,2024-09-17,MTH101,65.61,4,1
S1992,2025-03-16,PHY101,80.21,4,1
S1992,2025-09-12,ENG101,66.93,4,1
S1993,2024-03-21,CSE101,68.86,4,1
S1993,2024-09-17,MTH101,69.88,4,1
S1993,2025-03-16,PHY101,63.07,4,1
S1993,2025-09-12,ENG101,59.11,4,1
S1994,2024-03-21,CSE101,47.82,4,1
S1994,2024-09-17,MTH101,67.34,4,1
S1994,2025-03-16,PHY101,55.87,4,1
S1994,2025-09-12,ENG101,63.6,4,1
S1995,2024-03-21,CSE101,75.51,4,1
S1995,2024-09-17,MTH101,63.61,4,1
S1995,2025-03-16,PHY101,65.6,4,1
S1995,2025-09-12,ENG101,59.68,4,1
S1996,2024-03-21,CSE101,63.73,4,1
S1996,2024-09-17,MTH101,83.58,4,1
S1996,2025-03-16,PHY101,65.76,4,1
S1996,2025-09-12,ENG101,42.13,4,1
S1997,2024-03-21,CSE101,50.66,4,1
S1997,2024-09-17,MTH101,59.37,4,1
S1997,2025-03-16,PHY101,55.87,4,1
S1997,2025-09-12,ENG101,50.36,4,1
S1998,2024-03-21,CSE101,60.7,4,1
S1998,2024-09-17,MTH101,80.9,4,1
S1998,2025-03-16,PHY101,63.81,4,1
S1998,2025-09-12,ENG101,67.94,4,1
S1999,2024-03-21,CSE101,78.26,4,1
S1999,2024-09-17,MTH101,57.28,4,1
S1999,2025-03-16,PHY101,45.86,4,1
S1999,2025-09-12,ENG101,58.03,4,1
S2000,2024-03-21,CSE101,49.69,4,1
S2000,2024-09-17,MTH101,49.9,4,1
S2000,2025-03-16,PHY101,74.76,4,1
S2000,2025-09-12,ENG101,72.54,4,1
S2001,2024-03-21,CSE101,61.74,4,1
S2001,2024-09-17,MTH101,68.12,4,1
S2001,2025-03-16,PHY101,65.18,4,1
S2001,2025-09-12,ENG101,54.38,4,1
S2002,2024-03-21,CSE101,57.49,4,1
S2002,2024-09-17,MTH101,82.22,4,1
S2002,2025-03-16,PHY101,69.13,4,1
S2002,2025-09-12,ENG101,64.72,4,1
S2003,2024-03-21,CSE101,59.71,4,1
S2003,2024-09-17,MTH101,75.83,4,1
S2003,2025-03-16,PHY101,56.23,4,1
S2003,2025-09-12,ENG101,84.51,4,1
S2004,2024-03-21,CSE101,73.94,4,1
S2004,2024-09-17,MTH101,50.63,4,1
S2004,2025-03-16,PHY101,60.25,4,1
S2004,2025-09-12,ENG101,70.03,4,1
S2005,2024-03-21,CSE101,88.32,4,1
S2005,2024-09-17,MTH101,72.67,4,1
S2005,2025-03-16,PHY101,68.29,4,1
S2005,2025-09-12,ENG101,78.76,4,1
S2006,2024-03-21,CSE101,73.39,4,1
S2006,2024-09-17,MTH101,49.45,4,1
S2006,2025-03-16,PHY101,58.52,4,1
S2006,2025-09-12,ENG101,63.18,4,1
S2007,2024-03-21,CSE101,68.95,4,1
S2007,2024-09-17,MTH101,70.51,4,1
S2007,2025-03-16,PHY101,69.95,4,1
S2007,2025-09-12,ENG101,58.7,4,1
S2008,2024-03-21,CSE101,76.48,4,1
S2008,2024-09-17,MTH101,71.53,4,1
S2008,2025-03-16,PHY101,82.37,4,1
S2008,2025-09-12,ENG101,80.76,4,1
S2009,2024-03-21,CSE101,67.44,4,1
S2009,2024-09-17,MTH101,88.34,4,1
S2009,2025-03-16,PHY101,91.63,4,1
S2009,2025-09-12,ENG101,98.3,4,1
S2010,2024-03-21,CSE101,72.53,4,1
S2010,2024-09-17,MTH101,60.19,4,1
S2010,2025-03-16,PHY101,61.79,4,1
S2010,2025-09-12,ENG101,80.44,4,1
S2011,2024-03-21,CSE101,78.89,4,1
S2011,2024-09-17,MTH101,70.77,4,1
S2011,2025-03-16,PHY101,55.22,4,1
S2011,2025-09-12,ENG101,49.02,4,1
S2012,2024-03-21,CSE101,83.84,4,1
S2012,2024-09-17,MTH101,70.13,4,1
S2012,2025-03-16,PHY101,80.39,4,1
S2012,2025-09-12,ENG101,78.35,4,1
S2013,2024-03-21,CSE101,51.18,4,1
S2013,2024-09-17,MTH101,71.64,4,1
S2013,2025-03-16,PHY101,74.72,4,1
S2013,2025-09-12,ENG101,82.53,4,1
S2014,2024-03-21,CSE101,43.1,4,1
S2014,2024-09-17,MTH101,58.44,4,1
S2014,2025-03-16,PHY101,58.99,4,1
S2014,2025-09-12,ENG101,63.18,4,1
S2015,2024-03-21,CSE101,78.09,4,1
S2015,2024-09-17,MTH101,81.81,4,1
S2015,2025-03-16,PHY101,90.55,4,1
S2015,2025-09-12,ENG101,100.0,4,1
S2016,2024-03-21,CSE101,61.41,4,1
S2016,2024-09-17,MTH101,62.88,4,1
S2016,2025-03-16,PHY101,64.36,4,1
S2016,2025-09-12,ENG101,48.91,4,1
S2017,2024-03-21,CSE101,72.53,4,1
S2017,2024-09-17,MTH101,84.3,4,1
S2017,2025-03-16,PHY101,66.9,4,1
S2017,2025-09-12,ENG101,68.36,4,1
S2018,2024-03-21,CSE101,86.13,4,1
S2018,2024-09-17,MTH101,60.16,4,1
S2018,2025-03-16,PHY101,78.92,4,1
S2018,2025-09-12,ENG101,78.89,4,1
S2019,2024-03-21,CSE101,77.31,4,1
S2019,2024-09-17,MTH101,64.99,4,1
S2019,2025-03-16,PHY101,71.99,4,1
S2019,2025-09-12,ENG101,60.26,4,1
S2020,2024-03-21,CSE101,78.66,4,1
S2020,2024-09-17,MTH101,54.83,4,1
S2020,2025-03-16,PHY101,68.92,4,1
S2020,2025-09-12,ENG101,50.04,4,1
S2021,2024-03-21,CSE101,61.16,4,1
S2021,2024-09-17,MTH101,51.29,4,1
S2021,2025-03-16,PHY101,63.19,4,1
S2021,2025-09-12,ENG101,52.15,4,1
S2022,2024-03-21,CSE101,52.49,4,1
S2022,2024-09-17,MTH101,72.52,4,1
S2022,2025-03-16,PHY101,92.71,4,1
S2022,2025-09-12,ENG101,59.94,4,1
S2023,2024-03-21,CSE101,79.6,4,1
S2023,2024-09-17,MTH101,65.1,4,1
S2023,2025-03-16,PHY101,72.42,4,1
S2023,2025-09-12,ENG101,57.64,4,1
S2024,2024-03-21,CSE101,55.33,4,1
S2024,2024-09-17,MTH101,68.53,4,1
S2024,2025-03-16,PHY101,54.2,4,1
S2024,2025-09-12,ENG101,56.64,4,1
S2025,2024-03-21,CSE101,67.96,4,1
S2025,2024-09-17,MTH101,43.26,4,1
S2025,2025-03-16,PHY101,52.1,4,1
S2025,2025-09-12,ENG101,68.08,4,1
S2026,2024-03-21,CSE101,67.46,4,1
S2026,2024-09-17,MTH101,57.53,4,1
S2026,2025-03-16,PHY101,54.83,4,1
S2026,2025-09-12,ENG101,70.85,4,1
S2027,2024-03-21,CSE101,61.87,4,1
S2027,2024-09-17,MTH101,65.91,4,1
S2027,2025-03-16,PHY101,69.69,4,1
S2027,2025-09-12,ENG101,70.59,4,1
S2028,2024-03-21,CSE101,80.16,4,1
S2028,2024-09-17,MTH101,46.53,4,1
S2028,2025-03-16,PHY101,71.11,4,1
S2028,2025-09-12,ENG101,46.59,4,1
S2029,2024-03-21,CSE101,69.26,4,1
S2029,2024-09-17,MTH101,85.64,4,1
S2029,2025-03-16,PHY101,82.77,4,1
S2029,2025-09-12,ENG101,78.31,4,1
S2030,2024-03-21,CSE101,56.82,4,1
S2030,2024-09-17,MTH101,59.49,4,1
S2030,2025-03-16,PHY101,66.65,4,1
S2030,2025-09-12,ENG101,57.35,4,1
S2031,2024-03-21,CSE101,81.92,4,1
S2031,2024-09-17,MTH101,65.44,4,1
S2031,2025-03-16,PHY101,49.33,4,1
S2031,2025-09-12,ENG101,65.1,4,1
S2032,2024-03-21,CSE101,72.36,4,1
S2032,2024-09-17,MTH101,69.71,4,1
S2032,2025-03-16,PHY101,72.71,4,1
S2032,2025-09-12,ENG101,72.14,4,1
S2033,2024-03-21,CSE101,67.61,4,1
S2033,2024-09-17,MTH101,73.99,4,1
S2033,2025-03-16,PHY101,54.27,4,1
S2033,2025-09-12,ENG101,71.78,4,1
S2034,2024-03-21,CSE101,54.4,4,1
S2034,2024-09-17,MTH101,46.91,4,1
S2034,2025-03-16,PHY101,54.01,4,1
S2034,2025-09-12,ENG101,68.5,4,1
S2035,2024-03-21,CSE101,59.64,4,1
S2035,2024-09-17,MTH101,58.47,4,1
S2035,2025-03-16,PHY101,57.75,4,1
S2035,2025-09-12,ENG101,51.54,4,1
S2036,2024-03-21,CSE101,80.98,4,1
S2036,2024-09-17,MTH101,68.91,4,1
S2036,2025-03-16,PHY101,94.35,4,1
S2036,2025-09-12,ENG101,68.01,4,1
S2037,2024-03-21,CSE101,77.82,4,1
S2037,2024-09-17,MTH101,72.11,4,1
S2037,2025-03-16,PHY101,66.32,4,1
S2037,2025-09-12,ENG101,63.18,4,1
S2038,2024-03-21,CSE101,70.91,4,1
S2038,2024-09-17,MTH101,72.1,4,1
S2038,2025-03-16,PHY101,68.9,4,1
S2038,2025-09-12,ENG101,74.64,4,1
S2039,2024-03-21,CSE101,69.72,4,1
S2039,2024-09-17,MTH101,66.74,4,1
S2039,2025-03-16,PHY101,71.36,4,1
S2039,2025-09-12,ENG101,59.81,4,1
S2040,2024-03-21,CSE101,74.94,4,1
S2040,2024-09-17,MTH101,80.26,4,1
S2040,2025-03-16,PHY101,67.32,4,1
S2040,2025-09-12,ENG101,72.42,4,1
S2041,2024-03-21,CSE101,50.49,4,1
S2041,2024-09-17,MTH101,77.37,4,1
S2041,2025-03-16,PHY101,56.6,4,1
S2041,2025-09-12,ENG101,66.79,4,1
S2042,2024-03-21,CSE101,80.36,4,1
S2042,2024-09-17,MTH101,92.24,4,1
S2042,2025-03-16,PHY101,74.89,4,1
S2042,2025-09-12,ENG101,70.49,4,1
S2043,2024-03-21,CSE101,47.9,4,1
S2043,2024-09-17,MTH101,66.34,4,1
S2043,2025-03-16,PHY101,53.67,4,1
S2043,2025-09-12,ENG101,53.21,4,1
S2044,2024-03-21,CSE101,42.58,4,1
S2044,2024-09-17,MTH101,73.62,4,1
S2044,2025-03-16,PHY101,65.16,4,1
S2044,2025-09-12,ENG101,72.41,4,1
S2045,2024-03-21,CSE101,80.55,4,1
S2045,2024-09-17,MTH101,68.58,4,1
S2045,2025-03-16,PHY101,88.16,4,1
S2045,2025-09-12,ENG101,92.22,4,1
S2046,2024-03-21,CSE101,73.39,4,1
S2046,2024-09-17,MTH101,71.05,4,1
S2046,2025-03-16,PHY101,55.3,4,1
S2046,2025-09-12,ENG101,63.14,4,1
S2047,2024-03-21,CSE101,77.61,4,1
S2047,2024-09-17,MTH101,67.38,4,1
S2047,2025-03-16,PHY101,69.71,4,1
S2047,2025-09-12,ENG101,79.38,4,1
S2048,2024-03-21,CSE101,57.64,4,1
S2048,2024-09-17,MTH101,73.09,4,1
S2048,2025-03-16,PHY101,75.72,4,1
S2048,2025-09-12,ENG101,62.99,4,1
S2049,2024-03-21,CSE101,78.69,4,1
S2049,2024-09-17,MTH101,53.98,4,1
S2049,2025-03-16,PHY101,77.86,4,1
S2049,2025-09-12,ENG101,68.14,4,1
S2050,2024-03-21,CSE101,80.81,4,1
S2050,2024-09-17,MTH101,61.9,4,1
S2050,2025-03-16,PHY101,75.37,4,1
S2050,2025-09-12,ENG101,73.04,4,1
S2051,2024-03-21,CSE101,67.31,4,1
S2051,2024-09-17,MTH101,70.93,4,1
S2051,2025-03-16,PHY101,80.42,4,1
S2051,2025-09-12,ENG101,67.37,4,1
S2052,2024-03-21,CSE101,67.27,4,1
S2052,2024-09-17,MTH101,59.86,4,1
S2052,2025-03-16,PHY101,80.21,4,1
S2052,2025-09-12,ENG101,69.94,4,1
S2053,2024-03-21,CSE101,84.44,4,1
S2053,2024-09-17,MTH101,59.82,4,1
S2053,2025-03-16,PHY101,59.02,4,1
S2053,2025-09-12,ENG101,71.16,4,1
S2054,2024-03-21,CSE101,54.26,4,1
S2054,2024-09-17,MTH101,80.37,4,1
S2054,2025-03-16,PHY101,64.75,4,1
S2054,2025-09-12,ENG101,79.62,4,1
S2055,2024-03-21,CSE101,77.8,4,1
S2055,2024-09-17,MTH101,77.33,4,1
S2055,2025-03-16,PHY101,57.32,4,1
S2055,2025-09-12,ENG101,63.47,4,1
S2056,2024-03-21,CSE101,44.86,4,1
S2056,2024-09-17,MTH101,73.89,4,1
S2056,2025-03-16,PHY101,74.29,4,1
S2056,2025-09-12,ENG101,69.52,4,1
S2057,2024-03-21,CSE101,55.14,4,1
S2057,2024-09-17,MTH101,100.0,4,1
S2057,2025-03-16,PHY101,70.49,4,1
S2057,2025-09-12,ENG101,75.49,4,1
S2058,2024-03-21,CSE101,82.58,4,1
S2058,2024-09-17,MTH101,70.32,4,1
S2058,2025-03-16,PHY101,69.22,4,1
S2058,2025-09-12,ENG101,72.53,4,1
S2059,2024-03-21,CSE101,70.69,4,1
S2059,2024-09-17,MTH101,57.12,4,1
S2059,2025-03-16,PHY101,73.41,4,1
S2059,2025-09-12,ENG101,63.1,4,1
S2060,2024-03-21,CSE101,64.56,4,1
S2060,2024-09-17,MTH101,58.35,4,1
S2060,2025-03-16,PHY101,50.33,4,1
S2060,2025-09-12,ENG101,61.7,4,1
S2061,2024-03-21,CSE101,55.03,4,1
S2061,2024-09-17,MTH101,38.76,4,0
S2061,2025-03-16,PHY101,68.58,4,1
S2061,2025-09-12,ENG101,70.95,4,1
S2062,2024-03-21,CSE101,70.61,4,1
S2062,2024-09-17,MTH101,58.99,4,1
S2062,2025-03-16,PHY101,75.31,4,1
S2062,2025-09-12,ENG101,68.82,4,1
S2063,2024-03-21,CSE101,57.92,4,1
S2063,2024-09-17,MTH101,67.35,4,1
S2063,2025-03-16,PHY101,65.2,4,1
S2063,2025-09-12,ENG101,53.14,4,1
S2064,2024-03-21,CSE101,65.96,4,1
S2064,2024-09-17,MTH101,63.28,4,1
S2064,2025-03-16,PHY101,66.2,4,1
S2064,2025-09-12,ENG101,55.29,4,1
S2065,2024-03-21,CSE101,60.51,4,1
S2065,2024-09-17,MTH101,81.99,4,1
S2065,2025-03-16,PHY101,78.91,4,1
S2065,2025-09-12,ENG101,89.52,4,1
S2066,2024-03-21,CSE101,59.93,4,1
S2066,2024-09-17,MTH101,81.9,4,1
S2066,2025-03-16,PHY101,95.52,4,1
S2066,2025-09-12,ENG101,81.48,4,1
S2067,2024-03-21,CSE101,71.84,4,1
S2067,2024-09-17,MTH101,73.76,4,1
S2067,2025-03-16,PHY101,61.19,4,1
S2067,2025-09-12,ENG101,61.01,4,1
S2068,2024-03-21,CSE101,59.01,4,1
S2068,2024-09-17,MTH101,59.78,4,1
S2068,2025-03-16,PHY101,53.23,4,1
S2068,2025-09-12,ENG101,64.63,4,1
S2069,2024-03-21,CSE101,57.24,4,1
S2069,2024-09-17,MTH101,68.43,4,1
S2069,2025-03-16,PHY101,57.47,4,1
S2069,2025-09-12,ENG101,86.34,4,1
S2070,2024-03-21,CSE101,36.99,4,0
S2070,2024-09-17,MTH101,54.79,4,1
S2070,2025-03-16,PHY101,61.28,4,1
S2070,2025-09-12,ENG101,69.69,4,1
S2071,2024-03-21,CSE101,72.34,4,1
S2071,2024-09-17,MTH101,72.96,4,1
S2071,2025-03-16,PHY101,80.33,4,1
S2071,2025-09-12,ENG101,48.39,4,1
S2072,2024-03-21,CSE101,83.55,4,1
S2072,2024-09-17,MTH101,62.09,4,1
S2072,2025-03-16,PHY101,65.2,4,1
S2072,2025-09-12,ENG101,67.12,4,1
S2073,2024-03-21,CSE101,68.76,4,1
S2073,2024-09-17,MTH101,53.48,4,1
S2073,2025-03-16,PHY101,53.48,4,1
S2073,2025-09-12,ENG101,71.18,4,1
S2074,2024-03-21,CSE101,49.09,4,1
S2074,2024-09-17,MTH101,70.51,4,1
S2074,2025-03-16,PHY101,53.39,4,1
S2074,2025-09-12,ENG101,48.65,4,1
S2075,2024-03-21,CSE101,74.53,4,1
S2075,2024-09-17,MTH101,51.48,4,1
S2075,2025-03-16,PHY101,72.64,4,1
S2075,2025-09-12,ENG101,63.58,4,1
S2076,2024-03-21,CSE101,75.05,4,1
S2076,2024-09-17,MTH101,57.43,4,1
S2076,2025-03-16,PHY101,82.29,4,1
S2076,2025-09-12,ENG101,72.42,4,1
S2077,2024-03-21,CSE101,55.8,4,1
S2077,2024-09-17,MTH101,71.86,4,1
S2077,2025-03-16,PHY101,60.82,4,1
S2077,2025-09-12,ENG101,80.22,4,1
S2078,2024-03-21,CSE101,61.44,4,1
S2078,2024-09-17,MTH101,59.16,4,1
S2078,2025-03-16,PHY101,71.05,4,1
S2078,2025-09-12,ENG101,62.04,4,1
S2079,2024-03-21,CSE101,68.41,4,1
S2079,2024-09-17,MTH101,54.22,4,1
S2079,2025-03-16,PHY101,63.75,4,1
S2079,2025-09-12,ENG101,70.11,4,1
S2080,2024-03-21,CSE101,68.46,4,1
S2080,2024-09-17,MTH101,76.83,4,1
S2080,2025-03-16,PHY101,82.58,4,1
S2080,2025-09-12,ENG101,61.25,4,1
S2081,2024-03-21,CSE101,79.99,4,1
S2081,2024-09-17,MTH101,49.64,4,1
S2081,2025-03-16,PHY101,69.34,4,1
S2081,2025-09-12,ENG101,45.4,4,1
S2082,2024-03-21,CSE101,100.0,4,1
S2082,2024-09-17,MTH101,56.77,4,1
S2082,2025-03-16,PHY101,58.61,4,1
S2082,2025-09-12,ENG101,73.53,4,1
S2083,2024-03-21,CSE101,61.77,4,1
S2083,2024-09-17,MTH101,66.31,4,1
S2083,2025-03-16,PHY101,54.61,4,1
S2083,2025-09-12,ENG101,65.58,4,1
S2084,2024-03-21,CSE101,56.23,4,1
S2084,2024-09-17,MTH101,75.34,4,1
S2084,2025-03-16,PHY101,60.86,4,1
S2084,2025-09-12,ENG101,56.9,4,1
S2085,2024-03-21,CSE101,78.58,4,1
S2085,2024-09-17,MTH101,37.31,4,0
S2085,2025-03-16,PHY101,60.87,4,1
S2085,2025-09-12,ENG101,77.93,4,1
S2086,2024-03-21,CSE101,64.09,4,1
S2086,2024-09-17,MTH101,59.23,4,1
S2086,2025-03-16,PHY101,62.51,4,1
S2086,2025-09-12,ENG101,56.36,4,1
S2087,2024-03-21,CSE101,67.54,4,1
S2087,2024-09-17,MTH101,71.21,4,1
S2087,2025-03-16,PHY101,60.77,4,1
S2087,2025-09-12,ENG101,51.68,4,1
S2088,2024-03-21,CSE101,70.12,4,1
S2088,2024-09-17,MTH101,43.99,4,1
S2088,2025-03-16,PHY101,74.21,4,1
S2088,2025-09-12,ENG101,62.89,4,1
S2089,2024-03-21,CSE101,68.73,4,1
S2089,2024-09-17,MTH101,63.55,4,1
S2089,2025-03-16,PHY101,49.69,4,1
S2089,2025-09-12,ENG101,84.27,4,1
S2090,2024-03-21,CSE101,59.17,4,1
S2090,2024-09-17,MTH101,61.08,4,1
S2090,2025-03-16,PHY101,66.34,4,1
S2090,2025-09-12,ENG101,64.36,4,1
S2091,2024-03-21,CSE101,72.23,4,1
S2091,2024-09-17,MTH101,89.26,4,1
S2091,2025-03-16,PHY101,71.51,4,1
S2091,2025-09-12,ENG101,63.07,4,1
S2092,2024-03-21,CSE101,91.81,4,1
S2092,2024-09-17,MTH101,68.73,4,1
S2092,2025-03-16,PHY101,79.33,4,1
S2092,2025-09-12,ENG101,76.87,4,1
S2093,2024-03-21,CSE101,68.55,4,1
S2093,2024-09-17,MTH101,66.3,4,1
S2093,2025-03-16,PHY101,70.55,4,1
S2093,2025-09-12,ENG101,61.69,4,1
S2094,2024-03-21,CSE101,76.02,4,1
S2094,2024-09-17,MTH101,67.52,4,1
S2094,2025-03-16,PHY101,48.03,4,1
S2094,2025-09-12,ENG101,77.83,4,1
S2095,2024-03-21,CSE101,92.78,4,1
S2095,2024-09-17,MTH101,76.73,4,1
S2095,2025-03-16,PHY101,59.02,4,1
S2095,2025-09-12,ENG101,80.27,4,1
S2096,2024-03-21,CSE101,87.13,4,1
S2096,2024-09-17,MTH101,67.73,4,1
S2096,2025-03-16,PHY101,68.75,4,1
S2096,2025-09-12,ENG101,75.35,4,1
S2097,2024-03-21,CSE101,72.39,4,1
S2097,2024-09-17,MTH101,69.31,4,1
S2097,2025-03-16,PHY101,46.22,4,1
S2097,2025-09-12,ENG101,76.26,4,1
S2098,2024-03-21,CSE101,52.73,4,1
S2098,2024-09-17,MTH101,79.46,4,1
S2098,2025-03-16,PHY101,57.52,4,1
S2098,2025-09-12,ENG101,57.62,4,1
S2099,2024-03-21,CSE101,73.67,4,1
S2099,2024-09-17,MTH101,61.18,4,1
S2099,2025-03-16,PHY101,51.82,4,1
S2099,2025-09-12,ENG101,80.19,4,1
S2100,2024-03-21,CSE101,83.47,4,1
S2100,2024-09-17,MTH101,88.77,4,1
S2100,2025-03-16,PHY101,78.77,4,1
S2100,2025-09-12,ENG101,97.29,4,1
S2101,2024-03-21,CSE101,72.24,4,1
S2101,2024-09-17,MTH101,59.85,4,1
S2101,2025-03-16,PHY101,89.44,4,1
S2101,2025-09-12,ENG101,79.61,4,1
S2102,2024-03-21,CSE101,82.18,4,1
S2102,2024-09-17,MTH101,80.0,4,1
S2102,2025-03-16,PHY101,74.1,4,1
S2102,2025-09-12,ENG101,54.41,4,1
S2103,2024-03-21,CSE101,55.52,4,1
S2103,2024-09-17,MTH101,73.56,4,1
S2103,2025-03-16,PHY101,70.9,4,1
S2103,2025-09-12,ENG101,56.96,4,1
S2104,2024-03-21,CSE101,89.09,4,1
S2104,2024-09-17,MTH101,100.0,4,1
S2104,2025-03-16,PHY101,96.0,4,1
S2104,2025-09-12,ENG101,98.68,4,1
S2105,2024-03-21,CSE101,46.88,4,1
S2105,2024-09-17,MTH101,53.43,4,1
S2105,2025-03-16,PHY101,75.68,4,1
S2105,2025-09-12,ENG101,71.7,4,1
S2106,2024-03-21,CSE101,76.65,4,1
S2106,2024-09-17,MTH101,56.68,4,1
S2106,2025-03-16,PHY101,67.19,4,1
S2106,2025-09-12,ENG101,56.61,4,1
S2107,2024-03-21,CSE101,68.01,4,1
S2107,2024-09-17,MTH101,56.83,4,1
S2107,2025-03-16,PHY101,59.0,4,1
S2107,2025-09-12,ENG101,54.26,4,1
S2108,2024-03-21,CSE101,67.1,4,1
S2108,2024-09-17,MTH101,59.78,4,1
S2108,2025-03-16,PHY101,73.3,4,1
S2108,2025-09-12,ENG101,76.05,4,1
S2109,2024-03-21,CSE101,46.21,4,1
S2109,2024-09-17,MTH101,80.35,4,1
S2109,2025-03-16,PHY101,69.03,4,1
S2109,2025-09-12,ENG101,57.83,4,1
S2110,2024-03-21,CSE101,63.23,4,1
S2110,2024-09-17,MTH101,78.85,4,1
S2110,2025-03-16,PHY101,66.66,4,1
S2110,2025-09-12,ENG101,59.94,4,1
S2111,2024-03-21,CSE101,54.34,4,1
S2111,2024-09-17,MTH101,61.92,4,1
S2111,2025-03-16,PHY101,54.36,4,1
S2111,2025-09-12,ENG101,62.84,4,1
S2112,2024-03-21,CSE101,55.92,4,1
S2112,2024-09-17,MTH101,48.06,4,1
S2112,2025-03-16,PHY101,73.02,4,1
S2112,2025-09-12,ENG101,59.02,4,1
S2113,2024-03-21,CSE101,60.25,4,1
S2113,2024-09-17,MTH101,70.03,4,1
S2113,2025-03-16,PHY101,82.55,4,1
S2113,2025-09-12,ENG101,61.35,4,1
S2114,2024-03-21,CSE101,78.01,4,1
S2114,2024-09-17,MTH101,65.53,4,1
S2114,2025-03-16,PHY101,62.84,4,1
S2114,2025-09-12,ENG101,91.45,4,1
S2115,2024-03-21,CSE101,60.87,4,1
S2115,2024-09-17,MTH101,52.08,4,1
S2115,2025-03-16,PHY101,61.73,4,1
S2115,2025-09-12,ENG101,66.97,4,1
S2116,2024-03-21,CSE101,74.17,4,1
S2116,2024-09-17,MTH101,56.32,4,1
S2116,2025-03-16,PHY101,62.57,4,1
S2116,2025-09-12,ENG101,63.66,4,1
S2117,2024-03-21,CSE101,71.95,4,1
S2117,2024-09-17,MTH101,65.51,4,1
S2117,2025-03-16,PHY101,66.79,4,1
S2117,2025-09-12,ENG101,42.58,4,1
S2118,2024-03-21,CSE101,89.37,4,1
S2118,2024-09-17,MTH101,71.08,4,1
S2118,2025-03-16,PHY101,60.34,4,1
S2118,2025-09-12,ENG101,76.32,4,1
S2119,2024-03-21,CSE101,50.74,4,1
S2119,2024-09-17,MTH101,76.71,4,1
S2119,2025-03-16,PHY101,69.22,4,1
S2119,2025-09-12,ENG101,74.5,4,1
S2120,2024-03-21,CSE101,45.19,4,1
S2120,2024-09-17,MTH101,58.82,4,1
S2120,2025-03-16,PHY101,66.64,4,1
S2120,2025-09-12,ENG101,47.15,4,1
S2121,2024-03-21,CSE101,74.99,4,1
S2121,2024-09-17,MTH101,66.44,4,1
S2121,2025-03-16,PHY101,86.52,4,1
S2121,2025-09-12,ENG101,73.76,4,1
S2122,2024-03-21,CSE101,59.52,4,1
S2122,2024-09-17,MTH101,60.95,4,1
S2122,2025-03-16,PHY101,58.36,4,1
S2122,2025-09-12,ENG101,61.07,4,1
S2123,2024-03-21,CSE101,71.22,4,1
S2123,2024-09-17,MTH101,71.55,4,1
S2123,2025-03-16,PHY101,92.41,4,1
S2123,2025-09-12,ENG101,81.72,4,1
S2124,2024-03-21,CSE101,79.62,4,1
S2124,2024-09-17,MTH101,53.46,4,1
S2124,2025-03-16,PHY101,81.94,4,1
S2124,2025-09-12,ENG101,68.22,4,1
S2125,2024-03-21,CSE101,59.21,4,1
S2125,2024-09-17,MTH101,81.67,4,1
S2125,2025-03-16,PHY101,82.27,4,1
S2125,2025-09-12,ENG101,62.42,4,1
S2126,2024-03-21,CSE101,76.97,4,1
S2126,2024-09-17,MTH101,59.63,4,1
S2126,2025-03-16,PHY101,77.26,4,1
S2126,2025-09-12,ENG101,70.76,4,1
S2127,2024-03-21,CSE101,77.71,4,1
S2127,2024-09-17,MTH101,73.73,4,1
S2127,2025-03-16,PHY101,62.85,4,1
S2127,2025-09-12,ENG101,61.34,4,1
S2128,2024-03-21,CSE101,66.02,4,1
S2128,2024-09-17,MTH101,84.84,4,1
S2128,2025-03-16,PHY101,52.02,4,1
S2128,2025-09-12,ENG101,69.36,4,1
S2129,2024-03-21,CSE101,46.35,4,1
S2129,2024-09-17,MTH101,67.16,4,1
S2129,2025-03-16,PHY101,86.39,4,1
S2129,2025-09-12,ENG101,67.2,4,1
S2130,2024-03-21,CSE101,55.49,4,1
S2130,2024-09-17,MTH101,74.39,4,1
S2130,2025-03-16,PHY101,64.24,4,1
S2130,2025-09-12,ENG101,58.18,4,1
S2131,2024-03-21,CSE101,80.09,4,1
S2131,2024-09-17,MTH101,81.73,4,1
S2131,2025-03-16,PHY101,75.63,4,1
S2131,2025-09-12,ENG101,80.53,4,1
S2132,2024-03-21,CSE101,84.61,4,1
S2132,2024-09-17,MTH101,70.18,4,1
S2132,2025-03-16,PHY101,72.64,4,1
S2132,2025-09-12,ENG101,61.8,4,1
S2133,2024-03-21,CSE101,68.91,4,1
S2133,2024-09-17,MTH101,55.21,4,1
S2133,2025-03-16,PHY101,63.63,4,1
S2133,2025-09-12,ENG101,74.0,4,1
S2134,2024-03-21,CSE101,56.95,4,1
S2134,2024-09-17,MTH101,42.75,4,1
S2134,2025-03-16,PHY101,65.71,4,1
S2134,2025-09-12,ENG101,66.58,4,1
S2135,2024-03-21,CSE101,67.78,4,1
S2135,2024-09-17,MTH101,73.58,4,1
S2135,2025-03-16,PHY101,44.12,4,1
S2135,2025-09-12,ENG101,64.77,4,1
S2136,2024-03-21,CSE101,73.98,4,1
S2136,2024-09-17,MTH101,58.11,4,1
S2136,2025-03-16,PHY101,66.24,4,1
S2136,2025-09-12,ENG101,48.44,4,1
S2137,2024-03-21,CSE101,76.53,4,1
S2137,2024-09-17,MTH101,69.27,4,1
S2137,2025-03-16,PHY101,70.43,4,1
S2137,2025-09-12,ENG101,57.77,4,1
S2138,2024-03-21,CSE101,61.31,4,1
S2138,2024-09-17,MTH101,68.29,4,1
S2138,2025-03-16,PHY101,60.64,4,1
S2138,2025-09-12,ENG101,56.71,4,1
S2139,2024-03-21,CSE101,65.74,4,1
S2139,2024-09-17,MTH101,70.15,4,1
S2139,2025-03-16,PHY101,77.58,4,1
S2139,2025-09-12,ENG101,75.89,4,1
S2140,2024-03-21,CSE101,77.16,4,1
S2140,2024-09-17,MTH101,64.85,4,1
S2140,2025-03-16,PHY101,77.83,4,1
S2140,2025-09-12,ENG101,70.48,4,1
S2141,2024-03-21,CSE101,72.5,4,1
S2141,2024-09-17,MTH101,62.4,4,1
S2141,2025-03-16,PHY101,64.35,4,1
S2141,2025-09-12,ENG101,62.46,4,1
S2142,2024-03-21,CSE101,70.14,4,1
S2142,2024-09-17,MTH101,68.45,4,1
S2142,2025-03-16,PHY101,69.21,4,1
S2142,2025-09-12,ENG101,73.28,4,1
S2143,2024-03-21,CSE101,71.26,4,1
S2143,2024-09-17,MTH101,72.66,4,1
S2143,2025-03-16,PHY101,51.62,4,1
S2143,2025-09-12,ENG101,79.24,4,1
S2144,2024-03-21,CSE101,64.73,4,1
S2144,2024-09-17,MTH101,72.35,4,1
S2144,2025-03-16,PHY101,59.52,4,1
S2144,2025-09-12,ENG101,62.73,4,1
S2145,2024-03-21,CSE101,59.99,4,1
S2145,2024-09-17,MTH101,67.96,4,1
S2145,2025-03-16,PHY101,65.58,4,1
S2145,2025-09-12,ENG101,59.39,4,1
S2146,2024-03-21,CSE101,57.95,4,1
S2146,2024-09-17,MTH101,74.57,4,1
S2146,2025-03-16,PHY101,78.37,4,1
S2146,2025-09-12,ENG101,52.78,4,1
S2147,2024-03-21,CSE101,92.07,4,1
S2147,2024-09-17,MTH101,70.06,4,1
S2147,2025-03-16,PHY101,72.19,4,1
S2147,2025-09-12,ENG101,64.72,4,1
S2148,2024-03-21,CSE101,80.01,4,1
S2148,2024-09-17,MTH101,59.46,4,1
S2148,2025-03-16,PHY101,55.52,4,1
S2148,2025-09-12,ENG101,55.09,4,1
S2149,2024-03-21,CSE101,74.59,4,1
S2149,2024-09-17,MTH101,68.1,4,1
S2149,2025-03-16,PHY101,66.66,4,1
S2149,2025-09-12,ENG101,97.04,4,1
S2150,2024-03-21,CSE101,64.34,4,1
S2150,2024-09-17,MTH101,49.64,4,1
S2150,2025-03-16,PHY101,76.55,4,1
S2150,2025-09-12,ENG101,76.76,4,1
S2151,2024-03-21,CSE101,73.37,4,1
S2151,2024-09-17,MTH101,50.71,4,1
S2151,2025-03-16,PHY101,65.1,4,1
S2151,2025-09-12,ENG101,69.2,4,1
S2152,2024-03-21,CSE101,59.19,4,1
S2152,2024-09-17,MTH101,84.46,4,1
S2152,2025-03-16,PHY101,82.28,4,1
S2152,2025-09-12,ENG101,76.63,4,1
S2153,2024-03-21,CSE101,58.93,4,1
S2153,2024-09-17,MTH101,76.92,4,1
S2153,2025-03-16,PHY101,65.91,4,1
S2153,2025-09-12,ENG101,60.82,4,1
S2154,2024-03-21,CSE101,58.19,4,1
S2154,2024-09-17,MTH101,48.68,4,1
S2154,2025-03-16,PHY101,57.47,4,1
S2154,2025-09-12,ENG101,56.12,4,1
S2155,2024-03-21,CSE101,78.95,4,1
S2155,2024-09-17,MTH101,85.62,4,1
S2155,2025-03-16,PHY101,75.21,4,1
S2155,2025-09-12,ENG101,51.11,4,1
S2156,2024-03-21,CSE101,42.91,4,1
S2156,2024-09-17,MTH101,70.28,4,1
S2156,2025-03-16,PHY101,80.33,4,1
S2156,2025-09-12,ENG101,82.06,4,1
S2157,2024-03-21,CSE101,61.74,4,1
S2157,2024-09-17,MTH101,59.91,4,1
S2157,2025-03-16,PHY101,60.33,4,1
S2157,2025-09-12,ENG101,73.39,4,1
S2158,2024-03-21,CSE101,40.18,4,1
S2158,2024-09-17,MTH101,49.02,4,1
S2158,2025-03-16,PHY101,68.94,4,1
S2158,2025-09-12,ENG101,72.52,4,1
S2159,2024-03-21,CSE101,81.17,4,1
S2159,2024-09-17,MTH101,70.2,4,1
S2159,2025-03-16,PHY101,80.34,4,1
S2159,2025-09-12,ENG101,81.39,4,1
S2160,2024-03-21,CSE101,65.04,4,1
S2160,2024-09-17,MTH101,60.63,4,1
S2160,2025-03-16,PHY101,55.32,4,1
S2160,2025-09-12,ENG101,61.71,4,1
S2161,2024-03-21,CSE101,86.22,4,1
S2161,2024-09-17,MTH101,82.82,4,1
S2161,2025-03-16,PHY101,72.45,4,1
S2161,2025-09-12,ENG101,93.38,4,1
S2162,2024-03-21,CSE101,74.01,4,1
S2162,2024-09-17,MTH101,62.98,4,1
S2162,2025-03-16,PHY101,72.46,4,1
S2162,2025-09-12,ENG101,60.62,4,1
S2163,2024-03-21,CSE101,64.32,4,1
S2163,2024-09-17,MTH101,66.02,4,1
S2163,2025-03-16,PHY101,77.44,4,1
S2163,2025-09-12,ENG101,75.14,4,1
S2164,2024-03-21,CSE101,64.92,4,1
S2164,2024-09-17,MTH101,66.87,4,1
S2164,2025-03-16,PHY101,51.45,4,1
S2164,2025-09-12,ENG101,74.5,4,1
S2165,2024-03-21,CSE101,71.33,4,1
S2165,2024-09-17,MTH101,81.71,4,1
S2165,2025-03-16,PHY101,54.3,4,1
S2165,2025-09-12,ENG101,58.08,4,1
S2166,2024-03-21,CSE101,78.25,4,1
S2166,2024-09-17,MTH101,59.04,4,1
S2166,2025-03-16,PHY101,62.09,4,1
S2166,2025-09-12,ENG101,73.2,4,1
S2167,2024-03-21,CSE101,60.9,4,1
S2167,2024-09-17,MTH101,71.8,4,1
S2167,2025-03-16,PHY101,62.31,4,1
S2167,2025-09-12,ENG101,82.23,4,1
S2168,2024-03-21,CSE101,59.03,4,1
S2168,2024-09-17,MTH101,62.22,4,1
S2168,2025-03-16,PHY101,58.03,4,1
S2168,2025-09-12,ENG101,64.85,4,1
S2169,2024-03-21,CSE101,74.69,4,1
S2169,2024-09-17,MTH101,63.14,4,1
S2169,2025-03-16,PHY101,67.64,4,1
S2169,2025-09-12,ENG101,57.81,4,1
S2170,2024-03-21,CSE101,55.45,4,1
S2170,2024-09-17,MTH101,63.19,4,1
S2170,2025-03-16,PHY101,66.87,4,1
S2170,2025-09-12,ENG101,69.26,4,1
S2171,2024-03-21,CSE101,66.18,4,1
S2171,2024-09-17,MTH101,62.84,4,1
S2171,2025-03-16,PHY101,75.55,4,1
S2171,2025-09-12,ENG101,55.1,4,1
S2172,2024-03-21,CSE101,84.17,4,1
S2172,2024-09-17,MTH101,55.35,4,1
S2172,2025-03-16,PHY101,61.81,4,1
S2172,2025-09-12,ENG101,75.9,4,1
S2173,2024-03-21,CSE101,82.61,4,1
S2173,2024-09-17,MTH101,63.08,4,1
S2173,2025-03-16,PHY101,57.46,4,1
S2173,2025-09-12,ENG101,67.92,4,1
S2174,2024-03-21,CSE101,75.18,4,1
S2174,2024-09-17,MTH101,55.93,4,1
S2174,2025-03-16,PHY101,65.2,4,1
S2174,2025-09-12,ENG101,61.11,4,1
S2175,2024-03-21,CSE101,80.66,4,1
S2175,2024-09-17,MTH101,67.85,4,1
S2175,2025-03-16,PHY101,84.06,4,1
S2175,2025-09-12,ENG101,78.13,4,1
S2176,2024-03-21,CSE101,74.48,4,1
S2176,2024-09-17,MTH101,66.71,4,1
S2176,2025-03-16,PHY101,66.26,4,1
S2176,2025-09-12,ENG101,49.67,4,1
S2177,2024-03-21,CSE101,78.67,4,1
S2177,2024-09-17,MTH101,56.51,4,1
S2177,2025-03-16,PHY101,64.96,4,1
S2177,2025-09-12,ENG101,61.85,4,1
S2178,2024-03-21,CSE101,78.95,4,1
S2178,2024-09-17,MTH101,64.95,4,1
S2178,2025-03-16,PHY101,75.47,4,1
S2178,2025-09-12,ENG101,70.61,4,1
S2179,2024-03-21,CSE101,87.78,4,1
S2179,2024-09-17,MTH101,55.41,4,1
S2179,2025-03-16,PHY101,75.35,4,1
S2179,2025-09-12,ENG101,60.54,4,1
S2180,2024-03-21,CSE101,66.37,4,1
S2180,2024-09-17,MTH101,79.78,4,1
S2180,2025-03-16,PHY101,85.95,4,1
S2180,2025-09-12,ENG101,67.02,4,1
S2181,2024-03-21,CSE101,62.56,4,1
S2181,2024-09-17,MTH101,67.61,4,1
S2181,2025-03-16,PHY101,65.55,4,1
S2181,2025-09-12,ENG101,51.59,4,1
S2182,2024-03-21,CSE101,86.05,4,1
S2182,2024-09-17,MTH101,69.98,4,1
S2182,2025-03-16,PHY101,71.48,4,1
S2182,2025-09-12,ENG101,85.31,4,1
S2183,2024-03-21,CSE101,61.89,4,1
S2183,2024-09-17,MTH101,64.71,4,1
S2183,2025-03-16,PHY101,61.11,4,1
S2183,2025-09-12,ENG101,70.13,4,1
S2184,2024-03-21,CSE101,62.79,4,1
S2184,2024-09-17,MTH101,79.39,4,1
S2184,2025-03-16,PHY101,64.05,4,1
S2184,2025-09-12,ENG101,62.76,4,1
S2185,2024-03-21,CSE101,60.27,4,1
S2185,2024-09-17,MTH101,74.08,4,1
S2185,2025-03-16,PHY101,77.37,4,1
S2185,2025-09-12,ENG101,50.27,4,1
S2186,2024-03-21,CSE101,52.73,4,1
S2186,2024-09-17,MTH101,76.4,4,1
S2186,2025-03-16,PHY101,68.48,4,1
S2186,2025-09-12,ENG101,68.55,4,1
S2187,2024-03-21,CSE101,58.97,4,1
S2187,2024-09-17,MTH101,67.55,4,1
S2187,2025-03-16,PHY101,69.11,4,1
S2187,2025-09-12,ENG101,68.97,4,1
S2188,2024-03-21,CSE101,86.18,4,1
S2188,2024-09-17,MTH101,81.99,4,1
S2188,2025-03-16,PHY101,85.6,4,1
S2188,2025-09-12,ENG101,69.69,4,1
S2189,2024-03-21,CSE101,77.22,4,1
S2189,2024-09-17,MTH101,64.31,4,1
S2189,2025-03-16,PHY101,58.23,4,1
S2189,2025-09-12,ENG101,56.3,4,1
S2190,2024-03-21,CSE101,76.92,4,1
S2190,2024-09-17,MTH101,62.37,4,1
S2190,2025-03-16,PHY101,68.81,4,1
S2190,2025-09-12,ENG101,66.75,4,1
S2191,2024-03-21,CSE101,59.81,4,1
S2191,2024-09-17,MTH101,68.89,4,1
S2191,2025-03-16,PHY101,70.3,4,1
S2191,2025-09-12,ENG101,69.22,4,1
S2192,2024-03-21,CSE101,63.15,4,1
S2192,2024-09-17,MTH101,52.43,4,1
S2192,2025-03-16,PHY101,62.62,4,1
S2192,2025-09-12,ENG101,67.66,4,1
S2193,2024-03-21,CSE101,50.34,4,1
S2193,2024-09-17,MTH101,51.4,4,1
S2193,2025-03-16,PHY101,58.88,4,1
S2193,2025-09-12,ENG101,72.75,4,1
S2194,2024-03-21,CSE101,78.17,4,1
S2194,2024-09-17,MTH101,55.64,4,1
S2194,2025-03-16,PHY101,58.11,4,1
S2194,2025-09-12,ENG101,65.14,4,1
S2195,2024-03-21,CSE101,74.33,4,1
S2195,2024-09-17,MTH101,52.36,4,1
S2195,2025-03-16,PHY101,60.62,4,1
S2195,2025-09-12,ENG101,62.72,4,1
S2196,2024-03-21,CSE101,70.14,4,1
S2196,2024-09-17,MTH101,59.56,4,1
S2196,2025-03-16,PHY101,79.52,4,1
S2196,2025-09-12,ENG101,65.08,4,1
S2197,2024-03-21,CSE101,61.39,4,1
S2197,2024-09-17,MTH101,75.74,4,1
S2197,2025-03-16,PHY101,91.04,4,1
S2197,2025-09-12,ENG101,50.97,4,1
S2198,2024-03-21,CSE101,70.24,4,1
S2198,2024-09-17,MTH101,47.24,4,1
S2198,2025-03-16,PHY101,56.9,4,1
S2198,2025-09-12,ENG101,49.72,4,1
S2199,2024-03-21,CSE101,72.1,4,1
S2199,2024-09-17,MTH101,59.63,4,1
S2199,2025-03-16,PHY101,74.47,4,1
S2199,2025-09-12,ENG101,66.36,4,1
S2200,2024-03-21,CSE101,64.66,4,1
S2200,2024-09-17,MTH101,72.91,4,1
S2200,2025-03-16,PHY101,61.94,4,1
S2200,2025-09-12,ENG101,82.73,4,1
S2201,2024-03-21,CSE101,74.72,4,1
S2201,2024-09-17,MTH101,76.09,4,1
S2201,2025-03-16,PHY101,64.67,4,1
S2201,2025-09-12,ENG101,77.21,4,1
S2202,2024-03-21,CSE101,62.51,4,1
S2202,2024-09-17,MTH101,70.77,4,1
S2202,2025-03-16,PHY101,55.24,4,1
S2202,2025-09-12,ENG101,68.8,4,1
S2203,2024-03-21,CSE101,77.26,4,1
S2203,2024-09-17,MTH101,69.06,4,1
S2203,2025-03-16,PHY101,56.98,4,1
S2203,2025-09-12,ENG101,53.68,4,1
S2204,2024-03-21,CSE101,63.36,4,1
S2204,2024-09-17,MTH101,70.69,4,1
S2204,2025-03-16,PHY101,68.89,4,1
S2204,2025-09-12,ENG101,83.96,4,1
S2205,2024-03-21,CSE101,74.19,4,1
S2205,2024-09-17,MTH101,67.09,4,1
S2205,2025-03-16,PHY101,41.37,4,1
S2205,2025-09-12,ENG101,55.94,4,1
S2206,2024-03-21,CSE101,76.93,4,1
S2206,2024-09-17,MTH101,69.38,4,1
S2206,2025-03-16,PHY101,76.33,4,1
S2206,2025-09-12,ENG101,69.78,4,1
S2207,2024-03-21,CSE101,43.82,4,1
S2207,2024-09-17,MTH101,60.4,4,1
S2207,2025-03-16,PHY101,70.19,4,1
S2207,2025-09-12,ENG101,78.8,4,1
S2208,2024-03-21,CSE101,66.94,4,1
S2208,2024-09-17,MTH101,61.67,4,1
S2208,2025-03-16,PHY101,62.67,4,1
S2208,2025-09-12,ENG101,62.13,4,1
S2209,2024-03-21,CSE101,78.49,4,1
S2209,2024-09-17,MTH101,67.09,4,1
S2209,2025-03-16,PHY101,66.28,4,1
S2209,2025-09-12,ENG101,73.94,4,1
S2210,2024-03-21,CSE101,76.49,4,1
S2210,2024-09-17,MTH101,60.08,4,1
S2210,2025-03-16,PHY101,49.98,4,1
S2210,2025-09-12,ENG101,59.77,4,1
S2211,2024-03-21,CSE101,76.47,4,1
S2211,2024-09-17,MTH101,80.45,4,1
S2211,2025-03-16,PHY101,56.43,4,1
S2211,2025-09-12,ENG101,74.47,4,1
S2212,2024-03-21,CSE101,69.02,4,1
S2212,2024-09-17,MTH101,72.01,4,1
S2212,2025-03-16,PHY101,78.55,4,1
S2212,2025-09-12,ENG101,61.19,4,1
S2213,2024-03-21,CSE101,78.96,4,1
S2213,2024-09-17,MTH101,58.78,4,1
S2213,2025-03-16,PHY101,75.08,4,1
S2213,2025-09-12,ENG101,87.35,4,1
S2214,2024-03-21,CSE101,82.54,4,1
S2214,2024-09-17,MTH101,62.47,4,1
S2214,2025-03-16,PHY101,59.47,4,1
S2214,2025-09-12,ENG101,53.18,4,1
S2215,2024-03-21,CSE101,63.26,4,1
S2215,2024-09-17,MTH101,70.32,4,1
S2215,2025-03-16,PHY101,61.99,4,1
S2215,2025-09-12,ENG101,47.89,4,1
S2216,2024-03-21,CSE101,69.97,4,1
S2216,2024-09-17,MTH101,77.64,4,1
S2216,2025-03-16,PHY101,69.33,4,1
S2216,2025-09-12,ENG101,80.57,4,1
S2217,2024-03-21,CSE101,69.35,4,1
S2217,2024-09-17,MTH101,54.04,4,1
S2217,2025-03-16,PHY101,59.11,4,1
S2217,2025-09-12,ENG101,65.46,4,1
S2218,2024-03-21,CSE101,58.19,4,1
S2218,2024-09-17,MTH101,64.68,4,1
S2218,2025-03-16,PHY101,55.7,4,1
S2218,2025-09-12,ENG101,57.19,4,1
S2219,2024-03-21,CSE101,61.9,4,1
S2219,2024-09-17,MTH101,87.59,4,1
S2219,2025-03-16,PHY101,55.58,4,1
S2219,2025-09-12,ENG101,48.86,4,1
S2220,2024-03-21,CSE101,75.05,4,1
S2220,2024-09-17,MTH101,74.36,4,1
S2220,2025-03-16,PHY101,72.45,4,1
S2220,2025-09-12,ENG101,76.14,4,1
S2221,2024-03-21,CSE101,82.21,4,1
S2221,2024-09-17,MTH101,79.97,4,1
S2221,2025-03-16,PHY101,81.49,4,1
S2221,2025-09-12,ENG101,79.44,4,1
S2222,2024-03-21,CSE101,58.59,4,1
S2222,2024-09-17,MTH101,59.69,4,1
S2222,2025-03-16,PHY101,79.86,4,1
S2222,2025-09-12,ENG101,78.17,4,1
S2223,2024-03-21,CSE101,72.26,4,1
S2223,2024-09-17,MTH101,72.02,4,1
S2223,2025-03-16,PHY101,43.11,4,1
S2223,2025-09-12,ENG101,78.8,4,1
S2224,2024-03-21,CSE101,56.62,4,1
S2224,2024-09-17,MTH101,67.16,4,1
S2224,2025-03-16,PHY101,58.24,4,1
S2224,2025-09-12,ENG101,71.26,4,1
S2225,2024-03-21,CSE101,69.79,4,1
S2225,2024-09-17,MTH101,75.58,4,1
S2225,2025-03-16,PHY101,76.65,4,1
S2225,2025-09-12,ENG101,66.29,4,1
S2226,2024-03-21,CSE101,51.44,4,1
S2226,2024-09-17,MTH101,53.22,4,1
S2226,2025-03-16,PHY101,62.51,4,1
S2226,2025-09-12,ENG101,73.42,4,1
S2227,2024-03-21,CSE101,81.72,4,1
S2227,2024-09-17,MTH101,59.98,4,1
S2227,2025-03-16,PHY101,69.41,4,1
S2227,2025-09-12,ENG101,59.12,4,1
S2228,2024-03-21,CSE101,89.89,4,1
S2228,2024-09-17,MTH101,93.08,4,1
S2228,2025-03-16,PHY101,86.64,4,1
S2228,2025-09-12,ENG101,82.9,4,1
S2229,2024-03-21,CSE101,81.39,4,1
S2229,2024-09-17,MTH101,85.56,4,1
S2229,2025-03-16,PHY101,75.9,4,1
S2229,2025-09-12,ENG101,69.19,4,1
S2230,2024-03-21,CSE101,78.67,4,1
S2230,2024-09-17,MTH101,56.3,4,1
S2230,2025-03-16,PHY101,47.27,4,1
S2230,2025-09-12,ENG101,65.9,4,1
S2231,2024-03-21,CSE101,46.22,4,1
S2231,2024-09-17,MTH101,65.17,4,1
S2231,2025-03-16,PHY101,48.81,4,1
S2231,2025-09-12,ENG101,49.6,4,1
S2232,2024-03-21,CSE101,53.39,4,1
S2232,2024-09-17,MTH101,67.43,4,1
S2232,2025-03-16,PHY101,65.52,4,1
S2232,2025-09-12,ENG101,66.14,4,1
S2233,2024-03-21,CSE101,59.34,4,1
S2233,2024-09-17,MTH101,52.45,4,1
S2233,2025-03-16,PHY101,62.36,4,1
S2233,2025-09-12,ENG101,87.18,4,1
S2234,2024-03-21,CSE101,92.52,4,1
S2234,2024-09-17,MTH101,64.11,4,1
S2234,2025-03-16,PHY101,41.13,4,1
S2234,2025-09-12,ENG101,81.9,4,1
S2235,2024-03-21,CSE101,75.23,4,1
S2235,2024-09-17,MTH101,48.89,4,1
S2235,2025-03-16,PHY101,60.15,4,1
S2235,2025-09-12,ENG101,62.72,4,1
S2236,2024-03-21,CSE101,65.25,4,1
S2236,2024-09-17,MTH101,66.99,4,1
S2236,2025-03-16,PHY101,71.65,4,1
S2236,2025-09-12,ENG101,83.95,4,1
S2237,2024-03-21,CSE101,52.45,4,1
S2237,2024-09-17,MTH101,66.78,4,1
S2237,2025-03-16,PHY101,66.34,4,1
S2237,2025-09-12,ENG101,73.49,4,1
S2238,2024-03-21,CSE101,65.18,4,1
S2238,2024-09-17,MTH101,57.7,4,1
S2238,2025-03-16,PHY101,74.05,4,1
S2238,2025-09-12,ENG101,54.07,4,1
S2239,2024-03-21,CSE101,81.11,4,1
S2239,2024-09-17,MTH101,97.94,4,1
S2239,2025-03-16,PHY101,86.47,4,1
S2239,2025-09-12,ENG101,73.73,4,1
S2240,2024-03-21,CSE101,55.03,4,1
S2240,2024-09-17,MTH101,61.24,4,1
S2240,2025-03-16,PHY101,63.19,4,1
S2240,2025-09-12,ENG101,60.09,4,1
S2241,2024-03-21,CSE101,58.88,4,1
S2241,2024-09-17,MTH101,61.73,4,1
S2241,2025-03-16,PHY101,72.28,4,1
S2241,2025-09-12,ENG101,59.71,4,1
S2242,2024-03-21,CSE101,67.48,4,1
S2242,2024-09-17,MTH101,55.11,4,1
S2242,2025-03-16,PHY101,85.06,4,1
S2242,2025-09-12,ENG101,84.65,4,1
S2243,2024-03-21,CSE101,69.83,4,1
S2243,2024-09-17,MTH101,63.05,4,1
S2243,2025-03-16,PHY101,68.88,4,1
S2243,2025-09-12,ENG101,73.58,4,1
S2244,2024-03-21,CSE101,74.91,4,1
S2244,2024-09-17,MTH101,83.18,4,1
S2244,2025-03-16,PHY101,66.35,4,1
S2244,2025-09-12,ENG101,86.91,4,1
S2245,2024-03-21,CSE101,68.1,4,1
S2245,2024-09-17,MTH101,67.56,4,1
S2245,2025-03-16,PHY101,71.07,4,1
S2245,2025-09-12,ENG101,67.79,4,1
S2246,2024-03-21,CSE101,91.91,4,1
S2246,2024-09-17,MTH101,74.58,4,1
S2246,2025-03-16,PHY101,52.52,4,1
S2246,2025-09-12,ENG101,56.86,4,1
S2247,2024-03-21,CSE101,53.29,4,1
S2247,2024-09-17,MTH101,47.97,4,1
S2247,2025-03-16,PHY101,58.19,4,1
S2247,2025-09-12,ENG101,86.66,4,1
S2248,2024-03-21,CSE101,98.31,4,1
S2248,2024-09-17,MTH101,96.2,4,1
S2248,2025-03-16,PHY101,82.9,4,1
S2248,2025-09-12,ENG101,100.0,4,1
S2249,2024-03-21,CSE101,52.49,4,1
S2249,2024-09-17,MTH101,80.41,4,1
S2249,2025-03-16,PHY101,61.38,4,1
S2249,2025-09-12,ENG101,64.7,4,1
S2250,2024-03-21,CSE101,67.14,4,1
S2250,2024-09-17,MTH101,72.18,4,1
S2250,2025-03-16,PHY101,74.8,4,1
S2250,2025-09-12,ENG101,93.16,4,1
S2251,2024-03-21,CSE101,65.89,4,1
S2251,2024-09-17,MTH101,56.23,4,1
S2251,2025-03-16,PHY101,68.81,4,1
S2251,2025-09-12,ENG101,67.25,4,1
S2252,2024-03-21,CSE101,80.03,4,1
S2252,2024-09-17,MTH101,86.78,4,1
S2252,2025-03-16,PHY101,61.07,4,1
S2252,2025-09-12,ENG101,93.09,4,1
S2253,2024-03-21,CSE101,68.1,4,1
S2253,2024-09-17,MTH101,59.88,4,1
S2253,2025-03-16,PHY101,64.44,4,1
S2253,2025-09-12,ENG101,64.14,4,1
S2254,2024-03-21,CSE101,73.78,4,1
S2254,2024-09-17,MTH101,57.4,4,1
S2254,2025-03-16,PHY101,76.37,4,1
S2254,2025-09-12,ENG101,83.74,4,1
S2255,2024-03-21,CSE101,67.2,4,1
S2255,2024-09-17,MTH101,76.44,4,1
S2255,2025-03-16,PHY101,68.22,4,1
S2255,2025-09-12,ENG101,80.73,4,1
S2256,2024-03-21,CSE101,54.49,4,1
S2256,2024-09-17,MTH101,70.71,4,1
S2256,2025-03-16,PHY101,64.23,4,1
S2256,2025-09-12,ENG101,77.36,4,1
S2257,2024-03-21,CSE101,68.51,4,1
S2257,2024-09-17,MTH101,65.22,4,1
S2257,2025-03-16,PHY101,54.14,4,1
S2257,2025-09-12,ENG101,61.28,4,1
S2258,2024-03-21,CSE101,68.4,4,1
S2258,2024-09-17,MTH101,74.89,4,1
S2258,2025-03-16,PHY101,45.83,4,1
S2258,2025-09-12,ENG101,59.48,4,1
S2259,2024-03-21,CSE101,61.72,4,1
S2259,2024-09-17,MTH101,67.69,4,1
S2259,2025-03-16,PHY101,62.74,4,1
S2259,2025-09-12,ENG101,62.04,4,1
S2260,2024-03-21,CSE101,47.44,4,1
S2260,2024-09-17,MTH101,62.87,4,1
S2260,2025-03-16,PHY101,70.49,4,1
S2260,2025-09-12,ENG101,73.33,4,1
S2261,2024-03-21,CSE101,90.72,4,1
S2261,2024-09-17,MTH101,62.73,4,1
S2261,2025-03-16,PHY101,76.44,4,1
S2261,2025-09-12,ENG101,72.88,4,1
S2262,2024-03-21,CSE101,65.09,4,1
S2262,2024-09-17,MTH101,49.75,4,1
S2262,2025-03-16,PHY101,54.44,4,1
S2262,2025-09-12,ENG101,83.91,4,1
S2263,2024-03-21,CSE101,86.06,4,1
S2263,2024-09-17,MTH101,80.88,4,1
S2263,2025-03-16,PHY101,65.8,4,1
S2263,2025-09-12,ENG101,70.91,4,1
S2264,2024-03-21,CSE101,80.68,4,1
S2264,2024-09-17,MTH101,68.07,4,1
S2264,2025-03-16,PHY101,71.71,4,1
S2264,2025-09-12,ENG101,49.66,4,1
S2265,2024-03-21,CSE101,61.43,4,1
S2265,2024-09-17,MTH101,66.23,4,1
S2265,2025-03-16,PHY101,81.58,4,1
S2265,2025-09-12,ENG101,69.32,4,1
S2266,2024-03-21,CSE101,74.69,4,1
S2266,2024-09-17,MTH101,71.1,4,1
S2266,2025-03-16,PHY101,61.92,4,1
S2266,2025-09-12,ENG101,64.58,4,1
S2267,2024-03-21,CSE101,100.0,4,1
S2267,2024-09-17,MTH101,82.84,4,1
S2267,2025-03-16,PHY101,74.71,4,1
S2267,2025-09-12,ENG101,75.68,4,1
S2268,2024-03-21,CSE101,52.89,4,1
S2268,2024-09-17,MTH101,58.43,4,1
S2268,2025-03-16,PHY101,66.84,4,1
S2268,2025-09-12,ENG101,67.28,4,1
S2269,2024-03-21,CSE101,48.85,4,1
S2269,2024-09-17,MTH101,65.27,4,1
S2269,2025-03-16,PHY101,65.99,4,1
S2269,2025-09-12,ENG101,54.32,4,1
S2270,2024-03-21,CSE101,76.06,4,1
S2270,2024-09-17,MTH101,47.84,4,1
S2270,2025-03-16,PHY101,60.29,4,1
S2270,2025-09-12,ENG101,63.37,4,1
S2271,2024-03-21,CSE101,75.9,4,1
S2271,2024-09-17,MTH101,55.39,4,1
S2271,2025-03-16,PHY101,92.65,4,1
S2271,2025-09-12,ENG101,75.64,4,1
S2272,2024-03-21,CSE101,53.78,4,1
S2272,2024-09-17,MTH101,60.16,4,1
S2272,2025-03-16,PHY101,48.38,4,1
S2272,2025-09-12,ENG101,77.38,4,1
S2273,2024-03-21,CSE101,56.11,4,1
S2273,2024-09-17,MTH101,85.29,4,1
S2273,2025-03-16,PHY101,84.38,4,1
S2273,2025-09-12,ENG101,81.37,4,1
S2274,2024-03-21,CSE101,64.14,4,1
S2274,2024-09-17,MTH101,66.06,4,1
S2274,2025-03-16,PHY101,63.98,4,1
S2274,2025-09-12,ENG101,48.32,4,1
S2275,2024-03-21,CSE101,69.36,4,1
S2275,2024-09-17,MTH101,90.9,4,1
S2275,2025-03-16,PHY101,87.44,4,1
S2275,2025-09-12,ENG101,100.0,4,1
S2276,2024-03-21,CSE101,85.83,4,1
S2276,2024-09-17,MTH101,83.17,4,1
S2276,2025-03-16,PHY101,70.31,4,1
S2276,2025-09-12,ENG101,91.15,4,1
S2277,2024-03-21,CSE101,78.65,4,1
S2277,2024-09-17,MTH101,70.46,4,1
S2277,2025-03-16,PHY101,71.03,4,1
S2277,2025-09-12,ENG101,79.07,4,1
S2278,2024-03-21,CSE101,60.22,4,1
S2278,2024-09-17,MTH101,51.35,4,1
S2278,2025-03-16,PHY101,67.86,4,1
S2278,2025-09-12,ENG101,71.41,4,1
S2279,2024-03-21,CSE101,54.75,4,1
S2279,2024-09-17,MTH101,61.61,4,1
S2279,2025-03-16,PHY101,66.63,4,1
S2279,2025-09-12,ENG101,59.62,4,1
S2280,2024-03-21,CSE101,81.68,4,1
S2280,2024-09-17,MTH101,81.16,4,1
S2280,2025-03-16,PHY101,76.98,4,1
S2280,2025-09-12,ENG101,67.52,4,1
S2281,2024-03-21,CSE101,61.42,4,1
S2281,2024-09-17,MTH101,47.63,4,1
S2281,2025-03-16,PHY101,59.71,4,1
S2281,2025-09-12,ENG101,62.76,4,1
S2282,2024-03-21,CSE101,78.41,4,1
S2282,2024-09-17,MTH101,63.59,4,1
S2282,2025-03-16,PHY101,60.21,4,1
S2282,2025-09-12,ENG101,57.62,4,1
S2283,2024-03-21,CSE101,69.24,4,1
S2283,2024-09-17,MTH101,52.87,4,1
S2283,2025-03-16,PHY101,58.58,4,1
S2283,2025-09-12,ENG101,32.13,4,0
S2284,2024-03-21,CSE101,70.13,4,1
S2284,2024-09-17,MTH101,33.71,4,0
S2284,2025-03-16,PHY101,70.33,4,1
S2284,2025-09-12,ENG101,72.89,4,1
S2285,2024-03-21,CSE101,75.51,4,1
S2285,2024-09-17,MTH101,71.81,4,1
S2285,2025-03-16,PHY101,54.35,4,1
S2285,2025-09-12,ENG101,62.73,4,1
S2286,2024-03-21,CSE101,62.98,4,1
S2286,2024-09-17,MTH101,65.71,4,1
S2286,2025-03-16,PHY101,91.77,4,1
S2286,2025-09-12,ENG101,67.77,4,1
S2287,2024-03-21,CSE101,84.94,4,1
S2287,2024-09-17,MTH101,57.55,4,1
S2287,2025-03-16,PHY101,73.66,4,1
S2287,2025-09-12,ENG101,71.95,4,1
S2288,2024-03-21,CSE101,69.46,4,1
S2288,2024-09-17,MTH101,54.22,4,1
S2288,2025-03-16,PHY101,85.49,4,1
S2288,2025-09-12,ENG101,49.2,4,1
S2289,2024-03-21,CSE101,59.76,4,1
S2289,2024-09-17,MTH101,78.64,4,1
S2289,2025-03-16,PHY101,87.39,4,1
S2289,2025-09-12,ENG101,69.37,4,1
S2290,2024-03-21,CSE101,69.68,4,1
S2290,2024-09-17,MTH101,53.19,4,1
S2290,2025-03-16,PHY101,67.18,4,1
S2290,2025-09-12,ENG101,93.69,4,1
S2291,2024-03-21,CSE101,57.16,4,1
S2291,2024-09-17,MTH101,62.85,4,1
S2291,2025-03-16,PHY101,56.17,4,1
S2291,2025-09-12,ENG101,58.72,4,1
S2292,2024-03-21,CSE101,79.57,4,1
S2292,2024-09-17,MTH101,70.81,4,1
S2292,2025-03-16,PHY101,74.18,4,1
S2292,2025-09-12,ENG101,59.22,4,1
S2293,2024-03-21,CSE101,56.63,4,1
S2293,2024-09-17,MTH101,63.28,4,1
S2293,2025-03-16,PHY101,50.72,4,1
S2293,2025-09-12,ENG101,66.1,4,1
S2294,2024-03-21,CSE101,83.43,4,1
S2294,2024-09-17,MTH101,47.92,4,1
S2294,2025-03-16,PHY101,52.01,4,1
S2294,2025-09-12,ENG101,29.43,4,0
S2295,2024-03-21,CSE101,85.66,4,1
S2295,2024-09-17,MTH101,62.83,4,1
S2295,2025-03-16,PHY101,85.71,4,1
S2295,2025-09-12,ENG101,84.07,4,1
S2296,2024-03-21,CSE101,60.0,4,1
S2296,2024-09-17,MTH101,86.71,4,1
S2296,2025-03-16,PHY101,66.33,4,1
S2296,2025-09-12,ENG101,78.73,4,1
S2297,2024-03-21,CSE101,72.78,4,1
S2297,2024-09-17,MTH101,84.23,4,1
S2297,2025-03-16,PHY101,68.17,4,1
S2297,2025-09-12,ENG101,89.5,4,1
S2298,2024-03-21,CSE101,72.56,4,1
S2298,2024-09-17,MTH101,62.47,4,1
S2298,2025-03-16,PHY101,58.76,4,1
S2298,2025-09-12,ENG101,68.63,4,1
S2299,2024-03-21,CSE101,64.42,4,1
S2299,2024-09-17,MTH101,78.88,4,1
S2299,2025-03-16,PHY101,64.63,4,1
S2299,2025-09-12,ENG101,69.01,4,1
S2300,2024-03-21,CSE101,76.74,4,1
S2300,2024-09-17,MTH101,96.65,4,1
S2300,2025-03-16,PHY101,82.32,4,1
S2300,2025-09-12,ENG101,77.23,4,1
S2301,2024-03-21,CSE101,56.6,4,1
S2301,2024-09-17,MTH101,56.76,4,1
S2301,2025-03-16,PHY101,66.99,4,1
S2301,2025-09-12,ENG101,81.72,4,1
S2302,2024-03-21,CSE101,61.08,4,1
S2302,2024-09-17,MTH101,64.35,4,1
S2302,2025-03-16,PHY101,70.1,4,1
S2302,2025-09-12,ENG101,61.43,4,1
S2303,2024-03-21,CSE101,55.39,4,1
S2303,2024-09-17,MTH101,78.82,4,1
S2303,2025-03-16,PHY101,71.77,4,1
S2303,2025-09-12,ENG101,68.42,4,1
S2304,2024-03-21,CSE101,64.43,4,1
S2304,2024-09-17,MTH101,78.59,4,1
S2304,2025-03-16,PHY101,77.07,4,1
S2304,2025-09-12,ENG101,52.37,4,1
S2305,2024-03-21,CSE101,98.35,4,1
S2305,2024-09-17,MTH101,91.07,4,1
S2305,2025-03-16,PHY101,77.12,4,1
S2305,2025-09-12,ENG101,92.31,4,1
S2306,2024-03-21,CSE101,91.98,4,1
S2306,2024-09-17,MTH101,86.78,4,1
S2306,2025-03-16,PHY101,84.65,4,1
S2306,2025-09-12,ENG101,81.64,4,1
S2307,2024-03-21,CSE101,62.29,4,1
S2307,2024-09-17,MTH101,63.78,4,1
S2307,2025-03-16,PHY101,70.15,4,1
S2307,2025-09-12,ENG101,54.41,4,1
S2308,2024-03-21,CSE101,73.59,4,1
S2308,2024-09-17,MTH101,68.87,4,1
S2308,2025-03-16,PHY101,64.46,4,1
S2308,2025-09-12,ENG101,71.42,4,1
S2309,2024-03-21,CSE101,66.09,4,1
S2309,2024-09-17,MTH101,68.19,4,1
S2309,2025-03-16,PHY101,51.01,4,1
S2309,2025-09-12,ENG101,67.09,4,1
S2310,2024-03-21,CSE101,76.65,4,1
S2310,2024-09-17,MTH101,58.12,4,1
S2310,2025-03-16,PHY101,59.42,4,1
S2310,2025-09-12,ENG101,57.59,4,1
S2311,2024-03-21,CSE101,65.77,4,1
S2311,2024-09-17,MTH101,75.11,4,1
S2311,2025-03-16,PHY101,84.85,4,1
S2311,2025-09-12,ENG101,73.86,4,1
S2312,2024-03-21,CSE101,74.16,4,1
S2312,2024-09-17,MTH101,79.16,4,1
S2312,2025-03-16,PHY101,71.67,4,1
S2312,2025-09-12,ENG101,64.08,4,1
S2313,2024-03-21,CSE101,50.69,4,1
S2313,2024-09-17,MTH101,51.8,4,1
S2313,2025-03-16,PHY101,56.83,4,1
S2313,2025-09-12,ENG101,66.86,4,1
S2314,2024-03-21,CSE101,66.24,4,1
S2314,2024-09-17,MTH101,75.0,4,1
S2314,2025-03-16,PHY101,59.51,4,1
S2314,2025-09-12,ENG101,68.42,4,1
S2315,2024-03-21,CSE101,72.91,4,1
S2315,2024-09-17,MTH101,65.68,4,1
S2315,2025-03-16,PHY101,69.1,4,1
S2315,2025-09-12,ENG101,76.97,4,1
S2316,2024-03-21,CSE101,72.63,4,1
S2316,2024-09-17,MTH101,82.5,4,1
S2316,2025-03-16,PHY101,82.34,4,1
S2316,2025-09-12,ENG101,73.01,4,1
S2317,2024-03-21,CSE101,83.02,4,1
S2317,2024-09-17,MTH101,57.74,4,1
S2317,2025-03-16,PHY101,64.54,4,1
S2317,2025-09-12,ENG101,59.78,4,1
S2318,2024-03-21,CSE101,54.46,4,1
S2318,2024-09-17,MTH101,58.09,4,1
S2318,2025-03-16,PHY101,63.78,4,1
S2318,2025-09-12,ENG101,81.17,4,1
S2319,2024-03-21,CSE101,70.92,4,1
S2319,2024-09-17,MTH101,81.01,4,1
S2319,2025-03-16,PHY101,74.87,4,1
S2319,2025-09-12,ENG101,76.91,4,1
S2320,2024-03-21,CSE101,81.44,4,1
S2320,2024-09-17,MTH101,87.53,4,1
S2320,2025-03-16,PHY101,86.97,4,1
S2320,2025-09-12,ENG101,66.4,4,1
S2321,2024-03-21,CSE101,56.21,4,1
S2321,2024-09-17,MTH101,64.97,4,1
S2321,2025-03-16,PHY101,53.83,4,1
S2321,2025-09-12,ENG101,64.7,4,1
S2322,2024-03-21,CSE101,65.04,4,1
S2322,2024-09-17,MTH101,75.05,4,1
S2322,2025-03-16,PHY101,70.67,4,1
S2322,2025-09-12,ENG101,53.27,4,1
S2323,2024-03-21,CSE101,75.59,4,1
S2323,2024-09-17,MTH101,43.48,4,1
S2323,2025-03-16,PHY101,62.44,4,1
S2323,2025-09-12,ENG101,62.44,4,1
S2324,2024-03-21,CSE101,72.13,4,1
S2324,2024-09-17,MTH101,58.37,4,1
S2324,2025-03-16,PHY101,51.4,4,1
S2324,2025-09-12,ENG101,86.12,4,1
S2325,2024-03-21,CSE101,40.03,4,1
S2325,2024-09-17,MTH101,75.08,4,1
S2325,2025-03-16,PHY101,66.26,4,1
S2325,2025-09-12,ENG101,43.88,4,1
S2326,2024-03-21,CSE101,74.4,4,1
S2326,2024-09-17,MTH101,67.0,4,1
S2326,2025-03-16,PHY101,40.17,4,1
S2326,2025-09-12,ENG101,73.97,4,1
S2327,2024-03-21,CSE101,80.37,4,1
S2327,2024-09-17,MTH101,69.82,4,1
S2327,2025-03-16,PHY101,59.89,4,1
S2327,2025-09-12,ENG101,39.58,4,0
S2328,2024-03-21,CSE101,70.29,4,1
S2328,2024-09-17,MTH101,69.85,4,1
S2328,2025-03-16,PHY101,52.55,4,1
S2328,2025-09-12,ENG101,80.19,4,1
S2329,2024-03-21,CSE101,79.36,4,1
S2329,2024-09-17,MTH101,54.14,4,1
S2329,2025-03-16,PHY101,65.46,4,1
S2329,2025-09-12,ENG101,62.92,4,1
S2330,2024-03-21,CSE101,71.82,4,1
S2330,2024-09-17,MTH101,100.0,4,1
S2330,2025-03-16,PHY101,100.0,4,1
S2330,2025-09-12,ENG101,83.35,4,1
S2331,2024-03-21,CSE101,59.33,4,1
S2331,2024-09-17,MTH101,71.06,4,1
S2331,2025-03-16,PHY101,79.6,4,1
S2331,2025-09-12,ENG101,55.17,4,1
S2332,2024-03-21,CSE101,59.17,4,1
S2332,2024-09-17,MTH101,45.84,4,1
S2332,2025-03-16,PHY101,68.92,4,1
S2332,2025-09-12,ENG101,50.68,4,1
S2333,2024-03-21,CSE101,78.96,4,1
S2333,2024-09-17,MTH101,86.51,4,1
S2333,2025-03-16,PHY101,70.51,4,1
S2333,2025-09-12,ENG101,82.16,4,1
S2334,2024-03-21,CSE101,89.24,4,1
S2334,2024-09-17,MTH101,68.29,4,1
S2334,2025-03-16,PHY101,59.3,4,1
S2334,2025-09-12,ENG101,65.08,4,1
S2335,2024-03-21,CSE101,75.33,4,1
S2335,2024-09-17,MTH101,64.04,4,1
S2335,2025-03-16,PHY101,84.59,4,1
S2335,2025-09-12,ENG101,84.44,4,1
S2336,2024-03-21,CSE101,51.83,4,1
S2336,2024-09-17,MTH101,72.23,4,1
S2336,2025-03-16,PHY101,80.05,4,1
S2336,2025-09-12,ENG101,82.38,4,1
S2337,2024-03-21,CSE101,64.42,4,1
S2337,2024-09-17,MTH101,75.15,4,1
S2337,2025-03-16,PHY101,39.2,4,0
S2337,2025-09-12,ENG101,62.48,4,1
S2338,2024-03-21,CSE101,67.05,4,1
S2338,2024-09-17,MTH101,90.77,4,1
S2338,2025-03-16,PHY101,56.36,4,1
S2338,2025-09-12,ENG101,40.33,4,1
S2339,2024-03-21,CSE101,62.38,4,1
S2339,2024-09-17,MTH101,56.53,4,1
S2339,2025-03-16,PHY101,74.65,4,1
S2339,2025-09-12,ENG101,74.38,4,1
S2340,2024-03-21,CSE101,79.12,4,1
S2340,2024-09-17,MTH101,66.63,4,1
S2340,2025-03-16,PHY101,54.58,4,1
S2340,2025-09-12,ENG101,65.73,4,1
S2341,2024-03-21,CSE101,81.38,4,1
S2341,2024-09-17,MTH101,73.31,4,1
S2341,2025-03-16,PHY101,88.27,4,1
S2341,2025-09-12,ENG101,77.04,4,1
S2342,2024-03-21,CSE101,73.91,4,1
S2342,2024-09-17,MTH101,81.74,4,1
S2342,2025-03-16,PHY101,48.84,4,1
S2342,2025-09-12,ENG101,72.18,4,1
S2343,2024-03-21,CSE101,66.35,4,1
S2343,2024-09-17,MTH101,70.4,4,1
S2343,2025-03-16,PHY101,71.93,4,1
S2343,2025-09-12,ENG101,45.75,4,1
S2344,2024-03-21,CSE101,87.98,4,1
S2344,2024-09-17,MTH101,71.92,4,1
S2344,2025-03-16,PHY101,72.07,4,1
S2344,2025-09-12,ENG101,47.59,4,1
S2345,2024-03-21,CSE101,69.65,4,1
S2345,2024-09-17,MTH101,66.48,4,1
S2345,2025-03-16,PHY101,59.22,4,1
S2345,2025-09-12,ENG101,63.29,4,1
S2346,2024-03-21,CSE101,71.0,4,1
S2346,2024-09-17,MTH101,79.36,4,1
S2346,2025-03-16,PHY101,63.78,4,1
S2346,2025-09-12,ENG101,88.61,4,1
S2347,2024-03-21,CSE101,75.54,4,1
S2347,2024-09-17,MTH101,78.57,4,1
S2347,2025-03-16,PHY101,63.7,4,1
S2347,2025-09-12,ENG101,89.32,4,1
S2348,2024-03-21,CSE101,66.09,4,1
S2348,2024-09-17,MTH101,68.87,4,1
S2348,2025-03-16,PHY101,71.3,4,1
S2348,2025-09-12,ENG101,63.82,4,1
S2349,2024-03-21,CSE101,60.16,4,1
S2349,2024-09-17,MTH101,59.61,4,1
S2349,2025-03-16,PHY101,81.68,4,1
S2349,2025-09-12,ENG101,74.25,4,1
S2350,2024-03-21,CSE101,92.52,4,1
S2350,2024-09-17,MTH101,92.46,4,1
S2350,2025-03-16,PHY101,100.0,4,1
S2350,2025-09-12,ENG101,99.74,4,1
S2351,2024-03-21,CSE101,69.54,4,1
S2351,2024-09-17,MTH101,76.05,4,1
S2351,2025-03-16,PHY101,66.17,4,1
S2351,2025-09-12,ENG101,76.9,4,1
S2352,2024-03-21,CSE101,49.25,4,1
S2352,2024-09-17,MTH101,57.75,4,1
S2352,2025-03-16,PHY101,68.89,4,1
S2352,2025-09-12,ENG101,59.75,4,1
S2353,2024-03-21,CSE101,70.18,4,1
S2353,2024-09-17,MTH101,65.86,4,1
S2353,2025-03-16,PHY101,84.84,4,1
S2353,2025-09-12,ENG101,79.13,4,1
S2354,2024-03-21,CSE101,65.73,4,1
S2354,2024-09-17,MTH101,41.18,4,1
S2354,2025-03-16,PHY101,61.4,4,1
S2354,2025-09-12,ENG101,68.82,4,1
S2355,2024-03-21,CSE101,44.72,4,1
S2355,2024-09-17,MTH101,51.99,4,1
S2355,2025-03-16,PHY101,67.01,4,1
S2355,2025-09-12,ENG101,42.42,4,1
S2356,2024-03-21,CSE101,77.37,4,1
S2356,2024-09-17,MTH101,62.2,4,1
S2356,2025-03-16,PHY101,61.62,4,1
S2356,2025-09-12,ENG101,57.84,4,1
S2357,2024-03-21,CSE101,68.36,4,1
S2357,2024-09-17,MTH101,67.78,4,1
S2357,2025-03-16,PHY101,68.37,4,1
S2357,2025-09-12,ENG101,61.5,4,1
S2358,2024-03-21,CSE101,72.18,4,1
S2358,2024-09-17,MTH101,68.89,4,1
S2358,2025-03-16,PHY101,73.37,4,1
S2358,2025-09-12,ENG101,61.98,4,1
S2359,2024-03-21,CSE101,49.03,4,1
S2359,2024-09-17,MTH101,69.47,4,1
S2359,2025-03-16,PHY101,65.76,4,1
S2359,2025-09-12,ENG101,66.21,4,1
S2360,2024-03-21,CSE101,59.87,4,1
S2360,2024-09-17,MTH101,67.87,4,1
S2360,2025-03-16,PHY101,81.4,4,1
S2360,2025-09-12,ENG101,87.36,4,1
S2361,2024-03-21,CSE101,52.56,4,1
S2361,2024-09-17,MTH101,69.86,4,1
S2361,2025-03-16,PHY101,61.19,4,1
S2361,2025-09-12,ENG101,79.84,4,1
S2362,2024-03-21,CSE101,69.4,4,1
S2362,2024-09-17,MTH101,43.36,4,1
S2362,2025-03-16,PHY101,55.21,4,1
S2362,2025-09-12,ENG101,65.39,4,1
S2363,2024-03-21,CSE101,66.94,4,1
S2363,2024-09-17,MTH101,57.03,4,1
S2363,2025-03-16,PHY101,60.57,4,1
S2363,2025-09-12,ENG101,60.48,4,1
S2364,2024-03-21,CSE101,58.3,4,1
S2364,2024-09-17,MTH101,66.7,4,1
S2364,2025-03-16,PHY101,69.13,4,1
S2364,2025-09-12,ENG101,64.99,4,1
S2365,2024-03-21,CSE101,79.11,4,1
S2365,2024-09-17,MTH101,63.68,4,1
S2365,2025-03-16,PHY101,71.51,4,1
S2365,2025-09-12,ENG101,82.53,4,1
S2366,2024-03-21,CSE101,86.69,4,1
S2366,2024-09-17,MTH101,81.93,4,1
S2366,2025-03-16,PHY101,81.94,4,1
S2366,2025-09-12,ENG101,77.46,4,1
S2367,2024-03-21,CSE101,78.7,4,1
S2367,2024-09-17,MTH101,61.12,4,1
S2367,2025-03-16,PHY101,88.33,4,1
S2367,2025-09-12,ENG101,70.2,4,1
S2368,2024-03-21,CSE101,99.07,4,1
S2368,2024-09-17,MTH101,65.56,4,1
S2368,2025-03-16,PHY101,69.18,4,1
S2368,2025-09-12,ENG101,84.59,4,1
S2369,2024-03-21,CSE101,68.93,4,1
S2369,2024-09-17,MTH101,67.52,4,1
S2369,2025-03-16,PHY101,63.21,4,1
S2369,2025-09-12,ENG101,75.6,4,1
S2370,2024-03-21,CSE101,58.93,4,1
S2370,2024-09-17,MTH101,52.46,4,1
S2370,2025-03-16,PHY101,90.85,4,1
S2370,2025-09-12,ENG101,74.31,4,1
S2371,2024-03-21,CSE101,56.61,4,1
S2371,2024-09-17,MTH101,78.22,4,1
S2371,2025-03-16,PHY101,58.48,4,1
S2371,2025-09-12,ENG101,69.14,4,1
S2372,2024-03-21,CSE101,66.61,4,1
S2372,2024-09-17,MTH101,55.28,4,1
S2372,2025-03-16,PHY101,69.98,4,1
S2372,2025-09-12,ENG101,75.88,4,1
S2373,2024-03-21,CSE101,68.27,4,1
S2373,2024-09-17,MTH101,83.22,4,1
S2373,2025-03-16,PHY101,67.46,4,1
S2373,2025-09-12,ENG101,84.81,4,1
S2374,2024-03-21,CSE101,82.73,4,1
S2374,2024-09-17,MTH101,62.61,4,1
S2374,2025-03-16,PHY101,54.54,4,1
S2374,2025-09-12,ENG101,74.73,4,1
S2375,2024-03-21,CSE101,87.82,4,1
S2375,2024-09-17,MTH101,67.69,4,1
S2375,2025-03-16,PHY101,68.44,4,1
S2375,2025-09-12,ENG101,59.68,4,1
S2376,2024-03-21,CSE101,69.89,4,1
S2376,2024-09-17,MTH101,52.93,4,1
S2376,2025-03-16,PHY101,40.63,4,1
S2376,2025-09-12,ENG101,78.34,4,1
S2377,2024-03-21,CSE101,80.22,4,1
S2377,2024-09-17,MTH101,85.59,4,1
S2377,2025-03-16,PHY101,64.12,4,1
S2377,2025-09-12,ENG101,44.01,4,1
S2378,2024-03-21,CSE101,77.19,4,1
S2378,2024-09-17,MTH101,66.25,4,1
S2378,2025-03-16,PHY101,48.27,4,1
S2378,2025-09-12,ENG101,52.75,4,1
S2379,2024-03-21,CSE101,54.53,4,1
S2379,2024-09-17,MTH101,68.78,4,1
S2379,2025-03-16,PHY101,53.48,4,1
S2379,2025-09-12,ENG101,57.63,4,1
S2380,2024-03-21,CSE101,69.26,4,1
S2380,2024-09-17,MTH101,94.98,4,1
S2380,2025-03-16,PHY101,49.3,4,1
S2380,2025-09-12,ENG101,63.13,4,1
S2381,2024-03-21,CSE101,61.24,4,1
S2381,2024-09-17,MTH101,62.43,4,1
S2381,2025-03-16,PHY101,58.06,4,1
S2381,2025-09-12,ENG101,77.82,4,1
S2382,2024-03-21,CSE101,71.35,4,1
S2382,2024-09-17,MTH101,62.21,4,1
S2382,2025-03-16,PHY101,47.53,4,1
S2382,2025-09-12,ENG101,67.63,4,1
S2383,2024-03-21,CSE101,68.82,4,1
S2383,2024-09-17,MTH101,59.07,4,1
S2383,2025-03-16,PHY101,67.51,4,1
S2383,2025-09-12,ENG101,91.32,4,1
S2384,2024-03-21,CSE101,63.49,4,1
S2384,2024-09-17,MTH101,78.15,4,1
S2384,2025-03-16,PHY101,42.27,4,1
S2384,2025-09-12,ENG101,71.34,4,1
S2385,2024-03-21,CSE101,76.99,4,1
S2385,2024-09-17,MTH101,54.11,4,1
S2385,2025-03-16,PHY101,60.3,4,1
S2385,2025-09-12,ENG101,58.62,4,1
S2386,2024-03-21,CSE101,71.53,4,1
S2386,2024-09-17,MTH101,71.08,4,1
S2386,2025-03-16,PHY101,64.39,4,1
S2386,2025-09-12,ENG101,66.36,4,1
S2387,2024-03-21,CSE101,88.16,4,1
S2387,2024-09-17,MTH101,45.88,4,1
S2387,2025-03-16,PHY101,73.19,4,1
S2387,2025-09-12,ENG101,72.81,4,1
S2388,2024-03-21,CSE101,61.12,4,1
S2388,2024-09-17,MTH101,54.31,4,1
S2388,2025-03-16,PHY101,57.02,4,1
S2388,2025-09-12,ENG101,82.61,4,1
S2389,2024-03-21,CSE101,62.52,4,1
S2389,2024-09-17,MTH101,69.0,4,1
S2389,2025-03-16,PHY101,81.11,4,1
S2389,2025-09-12,ENG101,83.57,4,1
S2390,2024-03-21,CSE101,88.91,4,1
S2390,2024-09-17,MTH101,77.95,4,1
S2390,2025-03-16,PHY101,47.29,4,1
S2390,2025-09-12,ENG101,91.5,4,1
S2391,2024-03-21,CSE101,89.0,4,1
S2391,2024-09-17,MTH101,57.39,4,1
S2391,2025-03-16,PHY101,62.41,4,1
S2391,2025-09-12,ENG101,73.09,4,1
S2392,2024-03-21,CSE101,58.48,4,1
S2392,2024-09-17,MTH101,72.84,4,1
S2392,2025-03-16,PHY101,35.57,4,0
S2392,2025-09-12,ENG101,52.49,4,1
S2393,2024-03-21,CSE101,69.7,4,1
S2393,2024-09-17,MTH101,52.33,4,1
S2393,2025-03-16,PHY101,64.75,4,1
S2393,2025-09-12,ENG101,65.33,4,1
S2394,2024-03-21,CSE101,97.47,4,1
S2394,2024-09-17,MTH101,93.12,4,1
S2394,2025-03-16,PHY101,93.36,4,1
S2394,2025-09-12,ENG101,95.31,4,1
S2395,2024-03-21,CSE101,87.91,4,1
S2395,2024-09-17,MTH101,71.69,4,1
S2395,2025-03-16,PHY101,74.22,4,1
S2395,2025-09-12,ENG101,55.67,4,1
S2396,2024-03-21,CSE101,61.55,4,1
S2396,2024-09-17,MTH101,76.59,4,1
S2396,2025-03-16,PHY101,53.46,4,1
S2396,2025-09-12,ENG101,49.73,4,1
S2397,2024-03-21,CSE101,74.25,4,1
S2397,2024-09-17,MTH101,56.52,4,1
S2397,2025-03-16,PHY101,56.93,4,1
S2397,2025-09-12,ENG101,71.4,4,1
S2398,2024-03-21,CSE101,61.92,4,1
S2398,2024-09-17,MTH101,60.74,4,1
S2398,2025-03-16,PHY101,52.18,4,1
S2398,2025-09-12,ENG101,53.23,4,1
S2399,2024-03-21,CSE101,91.01,4,1
S2399,2024-09-17,MTH101,73.34,4,1
S2399,2025-03-16,PHY101,76.46,4,1
S2399,2025-09-12,ENG101,43.12,4,1
S2400,2024-03-21,CSE101,63.51,4,1
S2400,2024-09-17,MTH101,65.02,4,1
S2400,2025-03-16,PHY101,54.75,4,1
S2400,2025-09-12,ENG101,58.25,4,1
S2401,2024-03-21,CSE101,76.59,4,1
S2401,2024-09-17,MTH101,85.37,4,1
S2401,2025-03-16,PHY101,67.17,4,1
S2401,2025-09-12,ENG101,61.75,4,1
S2402,2024-03-21,CSE101,48.83,4,1
S2402,2024-09-17,MTH101,52.22,4,1
S2402,2025-03-16,PHY101,65.82,4,1
S2402,2025-09-12,ENG101,60.61,4,1
S2403,2024-03-21,CSE101,61.11,4,1
S2403,2024-09-17,MTH101,75.48,4,1
S2403,2025-03-16,PHY101,60.56,4,1
S2403,2025-09-12,ENG101,58.09,4,1
S2404,2024-03-21,CSE101,63.52,4,1
S2404,2024-09-17,MTH101,58.26,4,1
S2404,2025-03-16,PHY101,56.73,4,1
S2404,2025-09-12,ENG101,72.41,4,1
S2405,2024-03-21,CSE101,65.99,4,1
S2405,2024-09-17,MTH101,65.67,4,1
S2405,2025-03-16,PHY101,69.38,4,1
S2405,2025-09-12,ENG101,45.97,4,1
S2406,2024-03-21,CSE101,72.8,4,1
S2406,2024-09-17,MTH101,77.24,4,1
S2406,2025-03-16,PHY101,73.49,4,1
S2406,2025-09-12,ENG101,51.5,4,1
S2407,2024-03-21,CSE101,68.92,4,1
S2407,2024-09-17,MTH101,51.96,4,1
S2407,2025-03-16,PHY101,71.43,4,1
S2407,2025-09-12,ENG101,78.1,4,1
S2408,2024-03-21,CSE101,74.08,4,1
S2408,2024-09-17,MTH101,64.78,4,1
S2408,2025-03-16,PHY101,69.79,4,1
S2408,2025-09-12,ENG101,70.97,4,1
S2409,2024-03-21,CSE101,70.64,4,1
S2409,2024-09-17,MTH101,69.68,4,1
S2409,2025-03-16,PHY101,54.73,4,1
S2409,2025-09-12,ENG101,73.0,4,1
S2410,2024-03-21,CSE101,66.85,4,1
S2410,2024-09-17,MTH101,57.3,4,1
S2410,2025-03-16,PHY101,66.74,4,1
S2410,2025-09-12,ENG101,84.87,4,1
S2411,2024-03-21,CSE101,76.34,4,1
S2411,2024-09-17,MTH101,60.14,4,1
S2411,2025-03-16,PHY101,62.61,4,1
S2411,2025-09-12,ENG101,70.81,4,1
S2412,2024-03-21,CSE101,79.9,4,1
S2412,2024-09-17,MTH101,74.76,4,1
S2412,2025-03-16,PHY101,33.33,4,0
S2412,2025-09-12,ENG101,77.1,4,1
S2413,2024-03-21,CSE101,52.67,4,1
S2413,2024-09-17,MTH101,56.39,4,1
S2413,2025-03-16,PHY101,71.61,4,1
S2413,2025-09-12,ENG101,50.87,4,1
S2414,2024-03-21,CSE101,71.63,4,1
S2414,2024-09-17,MTH101,60.03,4,1
S2414,2025-03-16,PHY101,66.0,4,1
S2414,2025-09-12,ENG101,70.98,4,1
S2415,2024-03-21,CSE101,64.69,4,1
S2415,2024-09-17,MTH101,58.37,4,1
S2415,2025-03-16,PHY101,53.48,4,1
S2415,2025-09-12,ENG101,90.83,4,1
S2416,2024-03-21,CSE101,97.33,4,1
S2416,2024-09-17,MTH101,55.9,4,1
S2416,2025-03-16,PHY101,77.02,4,1
S2416,2025-09-12,ENG101,59.92,4,1
S2417,2024-03-21,CSE101,53.89,4,1
S2417,2024-09-17,MTH101,52.02,4,1
S2417,2025-03-16,PHY101,49.49,4,1
S2417,2025-09-12,ENG101,64.01,4,1
S2418,2024-03-21,CSE101,70.16,4,1
S2418,2024-09-17,MTH101,87.77,4,1
S2418,2025-03-16,PHY101,73.56,4,1
S2418,2025-09-12,ENG101,63.75,4,1
S2419,2024-03-21,CSE101,54.61,4,1
S2419,2024-09-17,MTH101,52.08,4,1
S2419,2025-03-16,PHY101,59.92,4,1
S2419,2025-09-12,ENG101,66.88,4,1
S2420,2024-03-21,CSE101,68.82,4,1
S2420,2024-09-17,MTH101,72.08,4,1
S2420,2025-03-16,PHY101,74.02,4,1
S2420,2025-09-12,ENG101,72.11,4,1
S2421,2024-03-21,CSE101,72.91,4,1
S2421,2024-09-17,MTH101,91.07,4,1
S2421,2025-03-16,PHY101,72.93,4,1
S2421,2025-09-12,ENG101,80.22,4,1
S2422,2024-03-21,CSE101,61.04,4,1
S2422,2024-09-17,MTH101,56.21,4,1
S2422,2025-03-16,PHY101,64.08,4,1
S2422,2025-09-12,ENG101,70.75,4,1
S2423,2024-03-21,CSE101,48.92,4,1
S2423,2024-09-17,MTH101,72.11,4,1
S2423,2025-03-16,PHY101,69.49,4,1
S2423,2025-09-12,ENG101,70.64,4,1
S2424,2024-03-21,CSE101,83.26,4,1
S2424,2024-09-17,MTH101,70.95,4,1
S2424,2025-03-16,PHY101,79.92,4,1
S2424,2025-09-12,ENG101,60.07,4,1
S2425,2024-03-21,CSE101,87.8,4,1
S2425,2024-09-17,MTH101,72.61,4,1
S2425,2025-03-16,PHY101,75.33,4,1
S2425,2025-09-12,ENG101,64.08,4,1
S2426,2024-03-21,CSE101,67.15,4,1
S2426,2024-09-17,MTH101,50.86,4,1
S2426,2025-03-16,PHY101,74.89,4,1
S2426,2025-09-12,ENG101,56.11,4,1
S2427,2024-03-21,CSE101,76.36,4,1
S2427,2024-09-17,MTH101,74.11,4,1
S2427,2025-03-16,PHY101,73.74,4,1
S2427,2025-09-12,ENG101,76.62,4,1
S2428,2024-03-21,CSE101,79.05,4,1
S2428,2024-09-17,MTH101,70.13,4,1
S2428,2025-03-16,PHY101,61.72,4,1
S2428,2025-09-12,ENG101,50.58,4,1
S2429,2024-03-21,CSE101,73.6,4,1
S2429,2024-09-17,MTH101,85.5,4,1
S2429,2025-03-16,PHY101,87.34,4,1
S2429,2025-09-12,ENG101,67.95,4,1
S2430,2024-03-21,CSE101,65.24,4,1
S2430,2024-09-17,MTH101,46.08,4,1
S2430,2025-03-16,PHY101,52.22,4,1
S2430,2025-09-12,ENG101,70.16,4,1
S2431,2024-03-21,CSE101,70.19,4,1
S2431,2024-09-17,MTH101,68.71,4,1
S2431,2025-03-16,PHY101,82.27,4,1
S2431,2025-09-12,ENG101,73.39,4,1
S2432,2024-03-21,CSE101,75.38,4,1
S2432,2024-09-17,MTH101,60.1,4,1
S2432,2025-03-16,PHY101,74.45,4,1
S2432,2025-09-12,ENG101,61.75,4,1
S2433,2024-03-21,CSE101,72.57,4,1
S2433,2024-09-17,MTH101,66.68,4,1
S2433,2025-03-16,PHY101,78.73,4,1
S2433,2025-09-12,ENG101,57.79,4,1
S2434,2024-03-21,CSE101,52.24,4,1
S2434,2024-09-17,MTH101,46.3,4,1
S2434,2025-03-16,PHY101,71.17,4,1
S2434,2025-09-12,ENG101,53.56,4,1
S2435,2024-03-21,CSE101,71.08,4,1
S2435,2024-09-17,MTH101,57.62,4,1
S2435,2025-03-16,PHY101,67.57,4,1
S2435,2025-09-12,ENG101,74.25,4,1
S2436,2024-03-21,CSE101,71.49,4,1
S2436,2024-09-17,MTH101,71.68,4,1
S2436,2025-03-16,PHY101,70.58,4,1
S2436,2025-09-12,ENG101,57.44,4,1
S2437,2024-03-21,CSE101,66.96,4,1
S2437,2024-09-17,MTH101,32.54,4,0
S2437,2025-03-16,PHY101,69.64,4,1
S2437,2025-09-12,ENG101,71.31,4,1
S2438,2024-03-21,CSE101,85.38,4,1
S2438,2024-09-17,MTH101,84.6,4,1
S2438,2025-03-16,PHY101,69.56,4,1
S2438,2025-09-12,ENG101,63.11,4,1
S2439,2024-03-21,CSE101,63.04,4,1
S2439,2024-09-17,MTH101,67.41,4,1
S2439,2025-03-16,PHY101,63.59,4,1
S2439,2025-09-12,ENG101,78.73,4,1
S2440,2024-03-21,CSE101,74.62,4,1
S2440,2024-09-17,MTH101,57.76,4,1
S2440,2025-03-16,PHY101,67.95,4,1
S2440,2025-09-12,ENG101,61.17,4,1
S2441,2024-03-21,CSE101,81.56,4,1
S2441,2024-09-17,MTH101,66.52,4,1
S2441,2025-03-16,PHY101,66.19,4,1
S2441,2025-09-12,ENG101,78.3,4,1
S2442,2024-03-21,CSE101,56.18,4,1
S2442,2024-09-17,MTH101,61.76,4,1
S2442,2025-03-16,PHY101,70.22,4,1
S2442,2025-09-12,ENG101,61.92,4,1
S2443,2024-03-21,CSE101,73.43,4,1
S2443,2024-09-17,MTH101,58.34,4,1
S2443,2025-03-16,PHY101,51.3,4,1
S2443,2025-09-12,ENG101,53.2,4,1
S2444,2024-03-21,CSE101,65.42,4,1
S2444,2024-09-17,MTH101,73.57,4,1
S2444,2025-03-16,PHY101,39.84,4,0
S2444,2025-09-12,ENG101,57.71,4,1
S2445,2024-03-21,CSE101,55.56,4,1
S2445,2024-09-17,MTH101,50.59,4,1
S2445,2025-03-16,PHY101,63.57,4,1
S2445,2025-09-12,ENG101,58.81,4,1
S2446,2024-03-21,CSE101,65.93,4,1
S2446,2024-09-17,MTH101,60.49,4,1
S2446,2025-03-16,PHY101,62.25,4,1
S2446,2025-09-12,ENG101,79.74,4,1
S2447,2024-03-21,CSE101,94.37,4,1
S2447,2024-09-17,MTH101,68.68,4,1
S2447,2025-03-16,PHY101,72.92,4,1
S2447,2025-09-12,ENG101,64.1,4,1
S2448,2024-03-21,CSE101,77.64,4,1
S2448,2024-09-17,MTH101,71.97,4,1
S2448,2025-03-16,PHY101,76.2,4,1
S2448,2025-09-12,ENG101,62.9,4,1
S2449,2024-03-21,CSE101,70.06,4,1
S2449,2024-09-17,MTH101,79.76,4,1
S2449,2025-03-16,PHY101,66.21,4,1
S2449,2025-09-12,ENG101,52.33,4,1
S2450,2024-03-21,CSE101,61.83,4,1
S2450,2024-09-17,MTH101,80.62,4,1
S2450,2025-03-16,PHY101,79.8,4,1
S2450,2025-09-12,ENG101,100.0,4,1
S2451,2024-03-21,CSE101,72.92,4,1
S2451,2024-09-17,MTH101,62.98,4,1
S2451,2025-03-16,PHY101,75.11,4,1
S2451,2025-09-12,ENG101,68.61,4,1
S2452,2024-03-21,CSE101,79.03,4,1
S2452,2024-09-17,MTH101,68.05,4,1
S2452,2025-03-16,PHY101,61.42,4,1
S2452,2025-09-12,ENG101,68.12,4,1
S2453,2024-03-21,CSE101,73.51,4,1
S2453,2024-09-17,MTH101,57.77,4,1
S2453,2025-03-16,PHY101,53.85,4,1
S2453,2025-09-12,ENG101,68.17,4,1
S2454,2024-03-21,CSE101,64.28,4,1
S2454,2024-09-17,MTH101,67.35,4,1
S2454,2025-03-16,PHY101,72.89,4,1
S2454,2025-09-12,ENG101,55.26,4,1
S2455,2024-03-21,CSE101,67.87,4,1
S2455,2024-09-17,MTH101,70.22,4,1
S2455,2025-03-16,PHY101,75.08,4,1
S2455,2025-09-12,ENG101,67.55,4,1
S2456,2024-03-21,CSE101,82.28,4,1
S2456,2024-09-17,MTH101,70.93,4,1
S2456,2025-03-16,PHY101,73.76,4,1
S2456,2025-09-12,ENG101,61.16,4,1
S2457,2024-03-21,CSE101,56.53,4,1
S2457,2024-09-17,MTH101,41.5,4,1
S2457,2025-03-16,PHY101,66.96,4,1
S2457,2025-09-12,ENG101,77.2,4,1
S2458,2024-03-21,CSE101,57.25,4,1
S2458,2024-09-17,MTH101,57.1,4,1
S2458,2025-03-16,PHY101,71.56,4,1
S2458,2025-09-12,ENG101,76.12,4,1
S2459,2024-03-21,CSE101,48.58,4,1
S2459,2024-09-17,MTH101,47.18,4,1
S2459,2025-03-16,PHY101,79.63,4,1
S2459,2025-09-12,ENG101,77.26,4,1
S2460,2024-03-21,CSE101,78.14,4,1
S2460,2024-09-17,MTH101,77.11,4,1
S2460,2025-03-16,PHY101,70.88,4,1
S2460,2025-09-12,ENG101,84.42,4,1
S2461,2024-03-21,CSE101,57.49,4,1
S2461,2024-09-17,MTH101,51.97,4,1
S2461,2025-03-16,PHY101,54.78,4,1
S2461,2025-09-12,ENG101,60.75,4,1
S2462,2024-03-21,CSE101,70.69,4,1
S2462,2024-09-17,MTH101,78.71,4,1
S2462,2025-03-16,PHY101,78.49,4,1
S2462,2025-09-12,ENG101,71.22,4,1
S2463,2024-03-21,CSE101,67.17,4,1
S2463,2024-09-17,MTH101,91.35,4,1
S2463,2025-03-16,PHY101,60.45,4,1
S2463,2025-09-12,ENG101,54.52,4,1
S2464,2024-03-21,CSE101,82.46,4,1
S2464,2024-09-17,MTH101,55.01,4,1
S2464,2025-03-16,PHY101,81.78,4,1
S2464,2025-09-12,ENG101,62.48,4,1
S2465,2024-03-21,CSE101,72.04,4,1
S2465,2024-09-17,MTH101,70.58,4,1
S2465,2025-03-16,PHY101,77.2,4,1
S2465,2025-09-12,ENG101,75.47,4,1
S2466,2024-03-21,CSE101,49.88,4,1
S2466,2024-09-17,MTH101,63.43,4,1
S2466,2025-03-16,PHY101,53.01,4,1
S2466,2025-09-12,ENG101,48.26,4,1
S2467,2024-03-21,CSE101,82.27,4,1
S2467,2024-09-17,MTH101,71.23,4,1
S2467,2025-03-16,PHY101,67.02,4,1
S2467,2025-09-12,ENG101,37.91,4,0
S2468,2024-03-21,CSE101,66.67,4,1
S2468,2024-09-17,MTH101,67.87,4,1
S2468,2025-03-16,PHY101,75.79,4,1
S2468,2025-09-12,ENG101,67.48,4,1
S2469,2024-03-21,CSE101,71.45,4,1
S2469,2024-09-17,MTH101,75.16,4,1
S2469,2025-03-16,PHY101,59.85,4,1
S2469,2025-09-12,ENG101,71.33,4,1
S2470,2024-03-21,CSE101,73.59,4,1
S2470,2024-09-17,MTH101,49.21,4,1
S2470,2025-03-16,PHY101,54.84,4,1
S2470,2025-09-12,ENG101,82.28,4,1
S2471,2024-03-21,CSE101,55.62,4,1
S2471,2024-09-17,MTH101,68.74,4,1
S2471,2025-03-16,PHY101,59.42,4,1
S2471,2025-09-12,ENG101,73.01,4,1
S2472,2024-03-21,CSE101,70.21,4,1
S2472,2024-09-17,MTH101,60.46,4,1
S2472,2025-03-16,PHY101,59.97,4,1
S2472,2025-09-12,ENG101,54.81,4,1
S2473,2024-03-21,CSE101,50.2,4,1
S2473,2024-09-17,MTH101,57.95,4,1
S2473,2025-03-16,PHY101,64.24,4,1
S2473,2025-09-12,ENG101,77.87,4,1
S2474,2024-03-21,CSE101,76.55,4,1
S2474,2024-09-17,MTH101,89.46,4,1
S2474,2025-03-16,PHY101,64.38,4,1
S2474,2025-09-12,ENG101,62.37,4,1
S2475,2024-03-21,CSE101,48.83,4,1
S2475,2024-09-17,MTH101,67.37,4,1
S2475,2025-03-16,PHY101,50.45,4,1
S2475,2025-09-12,ENG101,53.93,4,1
S2476,2024-03-21,CSE101,50.33,4,1
S2476,2024-09-17,MTH101,86.25,4,1
S2476,2025-03-16,PHY101,62.01,4,1
S2476,2025-09-12,ENG101,50.14,4,1
S2477,2024-03-21,CSE101,91.56,4,1
S2477,2024-09-17,MTH101,66.53,4,1
S2477,2025-03-16,PHY101,70.28,4,1
S2477,2025-09-12,ENG101,70.64,4,1
S2478,2024-03-21,CSE101,63.38,4,1
S2478,2024-09-17,MTH101,80.86,4,1
S2478,2025-03-16,PHY101,62.8,4,1
S2478,2025-09-12,ENG101,81.92,4,1
S2479,2024-03-21,CSE101,59.58,4,1
S2479,2024-09-17,MTH101,66.12,4,1
S2479,2025-03-16,PHY101,67.24,4,1
S2479,2025-09-12,ENG101,70.98,4,1
S2480,2024-03-21,CSE101,53.03,4,1
S2480,2024-09-17,MTH101,62.68,4,1
S2480,2025-03-16,PHY101,72.43,4,1
S2480,2025-09-12,ENG101,58.98,4,1
S2481,2024-03-21,CSE101,55.71,4,1
S2481,2024-09-17,MTH101,67.73,4,1
S2481,2025-03-16,PHY101,68.07,4,1
S2481,2025-09-12,ENG101,60.07,4,1
S2482,2024-03-21,CSE101,66.71,4,1
S2482,2024-09-17,MTH101,63.2,4,1
S2482,2025-03-16,PHY101,52.62,4,1
S2482,2025-09-12,ENG101,54.01,4,1
S2483,2024-03-21,CSE101,62.51,4,1
S2483,2024-09-17,MTH101,78.87,4,1
S2483,2025-03-16,PHY101,59.38,4,1
S2483,2025-09-12,ENG101,84.3,4,1
S2484,2024-03-21,CSE101,59.92,4,1
S2484,2024-09-17,MTH101,71.95,4,1
S2484,2025-03-16,PHY101,62.99,4,1
S2484,2025-09-12,ENG101,66.37,4,1
S2485,2024-03-21,CSE101,75.6,4,1
S2485,2024-09-17,MTH101,67.09,4,1
S2485,2025-03-16,PHY101,65.87,4,1
S2485,2025-09-12,ENG101,83.01,4,1
S2486,2024-03-21,CSE101,77.77,4,1
S2486,2024-09-17,MTH101,94.88,4,1
S2486,2025-03-16,PHY101,74.06,4,1
S2486,2025-09-12,ENG101,67.8,4,1
S2487,2024-03-21,CSE101,66.4,4,1
S2487,2024-09-17,MTH101,42.51,4,1
S2487,2025-03-16,PHY101,82.34,4,1
S2487,2025-09-12,ENG101,82.61,4,1
S2488,2024-03-21,CSE101,74.08,4,1
S2488,2024-09-17,MTH101,75.59,4,1
S2488,2025-03-16,PHY101,65.36,4,1
S2488,2025-09-12,ENG101,71.17,4,1
S2489,2024-03-21,CSE101,70.82,4,1
S2489,2024-09-17,MTH101,56.13,4,1
S2489,2025-03-16,PHY101,65.44,4,1
S2489,2025-09-12,ENG101,41.73,4,1
S2490,2024-03-21,CSE101,67.18,4,1
S2490,2024-09-17,MTH101,50.89,4,1
S2490,2025-03-16,PHY101,80.86,4,1
S2490,2025-09-12,ENG101,68.25,4,1
S2491,2024-03-21,CSE101,65.22,4,1
S2491,2024-09-17,MTH101,69.77,4,1
S2491,2025-03-16,PHY101,53.38,4,1
S2491,2025-09-12,ENG101,81.63,4,1
S2492,2024-03-21,CSE101,98.56,4,1
S2492,2024-09-17,MTH101,84.78,4,1
S2492,2025-03-16,PHY101,88.08,4,1
S2492,2025-09-12,ENG101,83.89,4,1
S2493,2024-03-21,CSE101,46.54,4,1
S2493,2024-09-17,MTH101,52.8,4,1
S2493,2025-03-16,PHY101,66.21,4,1
S2493,2025-09-12,ENG101,66.53,4,1
S2494,2024-03-21,CSE101,60.14,4,1
S2494,2024-09-17,MTH101,71.56,4,1
S2494,2025-03-16,PHY101,69.41,4,1
S2494,2025-09-12,ENG101,64.9,4,1
S2495,2024-03-21,CSE101,64.74,4,1
S2495,2024-09-17,MTH101,62.55,4,1
S2495,2025-03-16,PHY101,62.65,4,1
S2495,2025-09-12,ENG101,75.2,4,1
S2496,2024-03-21,CSE101,85.06,4,1
S2496,2024-09-17,MTH101,98.9,4,1
S2496,2025-03-16,PHY101,63.04,4,1
S2496,2025-09-12,ENG101,86.91,4,1
S2497,2024-03-21,CSE101,65.8,4,1
S2497,2024-09-17,MTH101,73.94,4,1
S2497,2025-03-16,PHY101,67.31,4,1
S2497,2025-09-12,ENG101,64.37,4,1
S2498,2024-03-21,CSE101,76.39,4,1
S2498,2024-09-17,MTH101,77.32,4,1
S2498,2025-03-16,PHY101,59.34,4,1
S2498,2025-09-12,ENG101,72.58,4,1
S2499,2024-03-21,CSE101,76.67,4,1
S2499,2024-09-17,MTH101,73.46,4,1
S2499,2025-03-16,PHY101,83.27,4,1
S2499,2025-09-12,ENG101,68.08,4,1
S2500,2024-03-21,CSE101,70.86,4,1
S2500,2024-09-17,MTH101,66.39,4,1
S2500,2025-03-16,PHY101,77.85,4,1
S2500,2025-09-12,ENG101,63.66,4,1
S2501,2024-03-21,CSE101,80.55,4,1
S2501,2024-09-17,MTH101,70.63,4,1
S2501,2025-03-16,PHY101,39.66,4,0
S2501,2025-09-12,ENG101,53.2,4,1
S2502,2024-03-21,CSE101,57.42,4,1
S2502,2024-09-17,MTH101,60.27,4,1
S2502,2025-03-16,PHY101,61.21,4,1
S2502,2025-09-12,ENG101,60.83,4,1
S2503,2024-03-21,CSE101,78.58,4,1
S2503,2024-09-17,MTH101,71.64,4,1
S2503,2025-03-16,PHY101,59.45,4,1
S2503,2025-09-12,ENG101,78.71,4,1
S2504,2024-03-21,CSE101,64.53,4,1
S2504,2024-09-17,MTH101,64.95,4,1
S2504,2025-03-16,PHY101,53.61,4,1
S2504,2025-09-12,ENG101,62.38,4,1
S2505,2024-03-21,CSE101,75.18,4,1
S2505,2024-09-17,MTH101,77.95,4,1
S2505,2025-03-16,PHY101,43.69,4,1
S2505,2025-09-12,ENG101,68.83,4,1
S2506,2024-03-21,CSE101,68.57,4,1
S2506,2024-09-17,MTH101,70.2,4,1
S2506,2025-03-16,PHY101,69.61,4,1
S2506,2025-09-12,ENG101,75.22,4,1
S2507,2024-03-21,CSE101,62.31,4,1
S2507,2024-09-17,MTH101,74.79,4,1
S2507,2025-03-16,PHY101,72.82,4,1
S2507,2025-09-12,ENG101,68.22,4,1
S2508,2024-03-21,CSE101,65.36,4,1
S2508,2024-09-17,MTH101,65.37,4,1
S2508,2025-03-16,PHY101,57.4,4,1
S2508,2025-09-12,ENG101,59.05,4,1
S2509,2024-03-21,CSE101,76.26,4,1
S2509,2024-09-17,MTH101,54.17,4,1
S2509,2025-03-16,PHY101,65.88,4,1
S2509,2025-09-12,ENG101,69.74,4,1
S2510,2024-03-21,CSE101,57.45,4,1
S2510,2024-09-17,MTH101,59.43,4,1
S2510,2025-03-16,PHY101,67.26,4,1
S2510,2025-09-12,ENG101,63.19,4,1
S2511,2024-03-21,CSE101,67.7,4,1
S2511,2024-09-17,MTH101,68.47,4,1
S2511,2025-03-16,PHY101,64.29,4,1
S2511,2025-09-12,ENG101,81.63,4,1
S2512,2024-03-21,CSE101,85.45,4,1
S2512,2024-09-17,MTH101,75.43,4,1
S2512,2025-03-16,PHY101,61.61,4,1
S2512,2025-09-12,ENG101,74.15,4,1
S2513,2024-03-21,CSE101,69.23,4,1
S2513,2024-09-17,MTH101,70.52,4,1
S2513,2025-03-16,PHY101,65.4,4,1
S2513,2025-09-12,ENG101,55.16,4,1
S2514,2024-03-21,CSE101,68.45,4,1
S2514,2024-09-17,MTH101,85.18,4,1
S2514,2025-03-16,PHY101,54.77,4,1
S2514,2025-09-12,ENG101,61.56,4,1
S2515,2024-03-21,CSE101,81.69,4,1
S2515,2024-09-17,MTH101,65.9,4,1
S2515,2025-03-16,PHY101,68.87,4,1
S2515,2025-09-12,ENG101,60.3,4,1
S2516,2024-03-21,CSE101,59.86,4,1
S2516,2024-09-17,MTH101,53.6,4,1
S2516,2025-03-16,PHY101,62.79,4,1
S2516,2025-09-12,ENG101,69.53,4,1
S2517,2024-03-21,CSE101,76.28,4,1
S2517,2024-09-17,MTH101,52.59,4,1
S2517,2025-03-16,PHY101,56.09,4,1
S2517,2025-09-12,ENG101,60.61,4,1
S2518,2024-03-21,CSE101,58.57,4,1
S2518,2024-09-17,MTH101,63.83,4,1
S2518,2025-03-16,PHY101,75.77,4,1
S2518,2025-09-12,ENG101,68.0,4,1
S2519,2024-03-21,CSE101,72.78,4,1
S2519,2024-09-17,MTH101,63.7,4,1
S2519,2025-03-16,PHY101,48.82,4,1
S2519,2025-09-12,ENG101,56.44,4,1
S2520,2024-03-21,CSE101,83.6,4,1
S2520,2024-09-17,MTH101,62.4,4,1
S2520,2025-03-16,PHY101,64.66,4,1
S2520,2025-09-12,ENG101,75.01,4,1
S2521,2024-03-21,CSE101,56.17,4,1
S2521,2024-09-17,MTH101,72.79,4,1
S2521,2025-03-16,PHY101,66.82,4,1
S2521,2025-09-12,ENG101,69.3,4,1
S2522,2024-03-21,CSE101,68.04,4,1
S2522,2024-09-17,MTH101,76.18,4,1
S2522,2025-03-16,PHY101,72.7,4,1
S2522,2025-09-12,ENG101,71.86,4,1
S2523,2024-03-21,CSE101,62.57,4,1
S2523,2024-09-17,MTH101,58.99,4,1
S2523,2025-03-16,PHY101,60.56,4,1
S2523,2025-09-12,ENG101,38.34,4,0
S2524,2024-03-21,CSE101,75.33,4,1
S2524,2024-09-17,MTH101,65.41,4,1
S2524,2025-03-16,PHY101,77.05,4,1
S2524,2025-09-12,ENG101,76.31,4,1
S2525,2024-03-21,CSE101,59.67,4,1
S2525,2024-09-17,MTH101,63.76,4,1
S2525,2025-03-16,PHY101,71.77,4,1
S2525,2025-09-12,ENG101,72.32,4,1
S2526,2024-03-21,CSE101,77.91,4,1
S2526,2024-09-17,MTH101,57.96,4,1
S2526,2025-03-16,PHY101,85.33,4,1
S2526,2025-09-12,ENG101,59.45,4,1
S2527,2024-03-21,CSE101,61.03,4,1
S2527,2024-09-17,MTH101,55.63,4,1
S2527,2025-03-16,PHY101,73.12,4,1
S2527,2025-09-12,ENG101,72.08,4,1
S2528,2024-03-21,CSE101,61.04,4,1
S2528,2024-09-17,MTH101,67.45,4,1
S2528,2025-03-16,PHY101,59.92,4,1
S2528,2025-09-12,ENG101,74.08,4,1
S2529,2024-03-21,CSE101,65.76,4,1
S2529,2024-09-17,MTH101,63.54,4,1
S2529,2025-03-16,PHY101,68.6,4,1
S2529,2025-09-12,ENG101,87.24,4,1
S2530,2024-03-21,CSE101,59.69,4,1
S2530,2024-09-17,MTH101,65.7,4,1
S2530,2025-03-16,PHY101,95.05,4,1
S2530,2025-09-12,ENG101,77.58,4,1
S2531,2024-03-21,CSE101,68.15,4,1
S2531,2024-09-17,MTH101,58.52,4,1
S2531,2025-03-16,PHY101,62.66,4,1
S2531,2025-09-12,ENG101,50.59,4,1
S2532,2024-03-21,CSE101,66.38,4,1
S2532,2024-09-17,MTH101,87.1,4,1
S2532,2025-03-16,PHY101,74.06,4,1
S2532,2025-09-12,ENG101,65.17,4,1
S2533,2024-03-21,CSE101,81.79,4,1
S2533,2024-09-17,MTH101,87.48,4,1
S2533,2025-03-16,PHY101,68.09,4,1
S2533,2025-09-12,ENG101,81.07,4,1
S2534,2024-03-21,CSE101,60.83,4,1
S2534,2024-09-17,MTH101,48.69,4,1
S2534,2025-03-16,PHY101,63.99,4,1
S2534,2025-09-12,ENG101,54.93,4,1
S2535,2024-03-21,CSE101,85.81,4,1
S2535,2024-09-17,MTH101,89.29,4,1
S2535,2025-03-16,PHY101,76.55,4,1
S2535,2025-09-12,ENG101,78.18,4,1
S2536,2024-03-21,CSE101,72.85,4,1
S2536,2024-09-17,MTH101,79.93,4,1
S2536,2025-03-16,PHY101,59.87,4,1
S2536,2025-09-12,ENG101,51.44,4,1
S2537,2024-03-21,CSE101,55.61,4,1
S2537,2024-09-17,MTH101,68.81,4,1
S2537,2025-03-16,PHY101,47.46,4,1
S2537,2025-09-12,ENG101,58.68,4,1
S2538,2024-03-21,CSE101,54.83,4,1
S2538,2024-09-17,MTH101,63.2,4,1
S2538,2025-03-16,PHY101,76.56,4,1
S2538,2025-09-12,ENG101,58.02,4,1
S2539,2024-03-21,CSE101,89.67,4,1
S2539,2024-09-17,MTH101,74.8,4,1
S2539,2025-03-16,PHY101,85.27,4,1
S2539,2025-09-12,ENG101,68.55,4,1
S2540,2024-03-21,CSE101,79.89,4,1
S2540,2024-09-17,MTH101,54.63,4,1
S2540,2025-03-16,PHY101,74.55,4,1
S2540,2025-09-12,ENG101,83.87,4,1
S2541,2024-03-21,CSE101,64.94,4,1
S2541,2024-09-17,MTH101,66.98,4,1
S2541,2025-03-16,PHY101,72.06,4,1
S2541,2025-09-12,ENG101,45.71,4,1
S2542,2024-03-21,CSE101,67.28,4,1
S2542,2024-09-17,MTH101,70.14,4,1
S2542,2025-03-16,PHY101,85.18,4,1
S2542,2025-09-12,ENG101,79.89,4,1
S2543,2024-03-21,CSE101,50.58,4,1
S2543,2024-09-17,MTH101,80.3,4,1
S2543,2025-03-16,PHY101,84.43,4,1
S2543,2025-09-12,ENG101,79.15,4,1
S2544,2024-03-21,CSE101,62.97,4,1
S2544,2024-09-17,MTH101,63.48,4,1
S2544,2025-03-16,PHY101,67.13,4,1
S2544,2025-09-12,ENG101,55.64,4,1
S2545,2024-03-21,CSE101,70.43,4,1
S2545,2024-09-17,MTH101,62.37,4,1
S2545,2025-03-16,PHY101,57.88,4,1
S2545,2025-09-12,ENG101,68.92,4,1
S2546,2024-03-21,CSE101,68.99,4,1
S2546,2024-09-17,MTH101,60.42,4,1
S2546,2025-03-16,PHY101,77.67,4,1
S2546,2025-09-12,ENG101,71.52,4,1
S2547,2024-03-21,CSE101,56.98,4,1
S2547,2024-09-17,MTH101,75.65,4,1
S2547,2025-03-16,PHY101,53.6,4,1
S2547,2025-09-12,ENG101,63.92,4,1
S2548,2024-03-21,CSE101,76.92,4,1
S2548,2024-09-17,MTH101,66.45,4,1
S2548,2025-03-16,PHY101,39.42,4,0
S2548,2025-09-12,ENG101,69.93,4,1
S2549,2024-03-21,CSE101,67.01,4,1
S2549,2024-09-17,MTH101,65.79,4,1
S2549,2025-03-16,PHY101,66.05,4,1
S2549,2025-09-12,ENG101,51.66,4,1
S2550,2024-03-21,CSE101,45.08,4,1
S2550,2024-09-17,MTH101,60.85,4,1
S2550,2025-03-16,PHY101,76.09,4,1
S2550,2025-09-12,ENG101,74.22,4,1
S2551,2024-03-21,CSE101,90.2,4,1
S2551,2024-09-17,MTH101,85.28,4,1
S2551,2025-03-16,PHY101,71.19,4,1
S2551,2025-09-12,ENG101,67.22,4,1
S2552,2024-03-21,CSE101,49.26,4,1
S2552,2024-09-17,MTH101,66.66,4,1
S2552,2025-03-16,PHY101,53.48,4,1
S2552,2025-09-12,ENG101,65.22,4,1
S2553,2024-03-21,CSE101,74.37,4,1
S2553,2024-09-17,MTH101,74.14,4,1
S2553,2025-03-16,PHY101,64.0,4,1
S2553,2025-09-12,ENG101,72.43,4,1
S2554,2024-03-21,CSE101,88.42,4,1
S2554,2024-09-17,MTH101,76.14,4,1
S2554,2025-03-16,PHY101,63.56,4,1
S2554,2025-09-12,ENG101,74.13,4,1
S2555,2024-03-21,CSE101,77.97,4,1
S2555,2024-09-17,MTH101,71.65,4,1
S2555,2025-03-16,PHY101,61.3,4,1
S2555,2025-09-12,ENG101,54.62,4,1
S2556,2024-03-21,CSE101,67.95,4,1
S2556,2024-09-17,MTH101,66.17,4,1
S2556,2025-03-16,PHY101,60.87,4,1
S2556,2025-09-12,ENG101,76.73,4,1
S2557,2024-03-21,CSE101,53.35,4,1
S2557,2024-09-17,MTH101,78.64,4,1
S2557,2025-03-16,PHY101,71.1,4,1
S2557,2025-09-12,ENG101,81.26,4,1
S2558,2024-03-21,CSE101,60.93,4,1
S2558,2024-09-17,MTH101,73.94,4,1
S2558,2025-03-16,PHY101,70.99,4,1
S2558,2025-09-12,ENG101,71.1,4,1
S2559,2024-03-21,CSE101,48.47,4,1
S2559,2024-09-17,MTH101,65.21,4,1
S2559,2025-03-16,PHY101,57.08,4,1
S2559,2025-09-12,ENG101,55.34,4,1
S2560,2024-03-21,CSE101,95.4,4,1
S2560,2024-09-17,MTH101,71.04,4,1
S2560,2025-03-16,PHY101,78.6,4,1
S2560,2025-09-12,ENG101,79.92,4,1
S2561,2024-03-21,CSE101,61.15,4,1
S2561,2024-09-17,MTH101,54.0,4,1
S2561,2025-03-16,PHY101,64.78,4,1
S2561,2025-09-12,ENG101,59.88,4,1
S2562,2024-03-21,CSE101,86.41,4,1
S2562,2024-09-17,MTH101,62.76,4,1
S2562,2025-03-16,PHY101,77.44,4,1
S2562,2025-09-12,ENG101,85.41,4,1
S2563,2024-03-21,CSE101,55.09,4,1
S2563,2024-09-17,MTH101,76.67,4,1
S2563,2025-03-16,PHY101,82.47,4,1
S2563,2025-09-12,ENG101,66.01,4,1
S2564,2024-03-21,CSE101,77.39,4,1
S2564,2024-09-17,MTH101,58.55,4,1
S2564,2025-03-16,PHY101,66.76,4,1
S2564,2025-09-12,ENG101,87.92,4,1
S2565,2024-03-21,CSE101,61.12,4,1
S2565,2024-09-17,MTH101,68.19,4,1
S2565,2025-03-16,PHY101,65.68,4,1
S2565,2025-09-12,ENG101,46.19,4,1
S2566,2024-03-21,CSE101,79.99,4,1
S2566,2024-09-17,MTH101,54.55,4,1
S2566,2025-03-16,PHY101,60.69,4,1
S2566,2025-09-12,ENG101,84.62,4,1
S2567,2024-03-21,CSE101,64.04,4,1
S2567,2024-09-17,MTH101,82.39,4,1
S2567,2025-03-16,PHY101,68.83,4,1
S2567,2025-09-12,ENG101,75.06,4,1
S2568,2024-03-21,CSE101,60.83,4,1
S2568,2024-09-17,MTH101,84.6,4,1
S2568,2025-03-16,PHY101,52.74,4,1
S2568,2025-09-12,ENG101,73.02,4,1
S2569,2024-03-21,CSE101,92.47,4,1
S2569,2024-09-17,MTH101,88.19,4,1
S2569,2025-03-16,PHY101,78.04,4,1
S2569,2025-09-12,ENG101,85.05,4,1
S2570,2024-03-21,CSE101,56.62,4,1
S2570,2024-09-17,MTH101,64.72,4,1
S2570,2025-03-16,PHY101,46.7,4,1
S2570,2025-09-12,ENG101,58.5,4,1
S2571,2024-03-21,CSE101,76.65,4,1
S2571,2024-09-17,MTH101,78.74,4,1
S2571,2025-03-16,PHY101,63.5,4,1
S2571,2025-09-12,ENG101,82.83,4,1
S2572,2024-03-21,CSE101,96.43,4,1
S2572,2024-09-17,MTH101,74.99,4,1
S2572,2025-03-16,PHY101,85.82,4,1
S2572,2025-09-12,ENG101,90.19,4,1
S2573,2024-03-21,CSE101,62.78,4,1
S2573,2024-09-17,MTH101,60.87,4,1
S2573,2025-03-16,PHY101,64.49,4,1
S2573,2025-09-12,ENG101,66.81,4,1
S2574,2024-03-21,CSE101,68.84,4,1
S2574,2024-09-17,MTH101,60.41,4,1
S2574,2025-03-16,PHY101,62.71,4,1
S2574,2025-09-12,ENG101,60.15,4,1
S2575,2024-03-21,CSE101,64.36,4,1
S2575,2024-09-17,MTH101,71.62,4,1
S2575,2025-03-16,PHY101,57.71,4,1
S2575,2025-09-12,ENG101,76.62,4,1
S2576,2024-03-21,CSE101,69.32,4,1
S2576,2024-09-17,MTH101,82.22,4,1
S2576,2025-03-16,PHY101,68.89,4,1
S2576,2025-09-12,ENG101,82.6,4,1
S2577,2024-03-21,CSE101,58.09,4,1
S2577,2024-09-17,MTH101,67.54,4,1
S2577,2025-03-16,PHY101,60.97,4,1
S2577,2025-09-12,ENG101,71.37,4,1
S2578,2024-03-21,CSE101,62.41,4,1
S2578,2024-09-17,MTH101,52.01,4,1
S2578,2025-03-16,PHY101,64.73,4,1
S2578,2025-09-12,ENG101,71.01,4,1
S2579,2024-03-21,CSE101,62.89,4,1
S2579,2024-09-17,MTH101,63.32,4,1
S2579,2025-03-16,PHY101,68.69,4,1
S2579,2025-09-12,ENG101,50.39,4,1
S2580,2024-03-21,CSE101,58.42,4,1
S2580,2024-09-17,MTH101,55.38,4,1
S2580,2025-03-16,PHY101,47.7,4,1
S2580,2025-09-12,ENG101,72.42,4,1
S2581,2024-03-21,CSE101,62.83,4,1
S2581,2024-09-17,MTH101,65.35,4,1
S2581,2025-03-16,PHY101,87.61,4,1
S2581,2025-09-12,ENG101,60.26,4,1
S2582,2024-03-21,CSE101,63.84,4,1
S2582,2024-09-17,MTH101,65.8,4,1
S2582,2025-03-16,PHY101,51.38,4,1
S2582,2025-09-12,ENG101,72.2,4,1
S2583,2024-03-21,CSE101,54.97,4,1
S2583,2024-09-17,MTH101,71.07,4,1
S2583,2025-03-16,PHY101,58.74,4,1
S2583,2025-09-12,ENG101,59.51,4,1
S2584,2024-03-21,CSE101,52.35,4,1
S2584,2024-09-17,MTH101,49.85,4,1
S2584,2025-03-16,PHY101,50.74,4,1
S2584,2025-09-12,ENG101,72.58,4,1
S2585,2024-03-21,CSE101,59.04,4,1
S2585,2024-09-17,MTH101,84.08,4,1
S2585,2025-03-16,PHY101,73.67,4,1
S2585,2025-09-12,ENG101,73.37,4,1
S2586,2024-03-21,CSE101,59.12,4,1
S2586,2024-09-17,MTH101,46.25,4,1
S2586,2025-03-16,PHY101,51.09,4,1
S2586,2025-09-12,ENG101,64.75,4,1
S2587,2024-03-21,CSE101,97.04,4,1
S2587,2024-09-17,MTH101,71.49,4,1
S2587,2025-03-16,PHY101,79.41,4,1
S2587,2025-09-12,ENG101,71.7,4,1
S2588,2024-03-21,CSE101,60.93,4,1
S2588,2024-09-17,MTH101,56.27,4,1
S2588,2025-03-16,PHY101,71.18,4,1
S2588,2025-09-12,ENG101,71.37,4,1
S2589,2024-03-21,CSE101,65.87,4,1
S2589,2024-09-17,MTH101,66.38,4,1
S2589,2025-03-16,PHY101,69.61,4,1
S2589,2025-09-12,ENG101,50.52,4,1
S2590,2024-03-21,CSE101,58.95,4,1
S2590,2024-09-17,MTH101,75.64,4,1
S2590,2025-03-16,PHY101,62.77,4,1
S2590,2025-09-12,ENG101,51.16,4,1
S2591,2024-03-21,CSE101,49.15,4,1
S2591,2024-09-17,MTH101,68.29,4,1
S2591,2025-03-16,PHY101,57.32,4,1
S2591,2025-09-12,ENG101,70.4,4,1
S2592,2024-03-21,CSE101,78.42,4,1
S2592,2024-09-17,MTH101,51.2,4,1
S2592,2025-03-16,PHY101,37.21,4,0
S2592,2025-09-12,ENG101,69.14,4,1
S2593,2024-03-21,CSE101,82.18,4,1
S2593,2024-09-17,MTH101,53.44,4,1
S2593,2025-03-16,PHY101,64.67,4,1
S2593,2025-09-12,ENG101,81.21,4,1
S2594,2024-03-21,CSE101,65.79,4,1
S2594,2024-09-17,MTH101,70.98,4,1
S2594,2025-03-16,PHY101,64.65,4,1
S2594,2025-09-12,ENG101,88.9,4,1
S2595,2024-03-21,CSE101,66.04,4,1
S2595,2024-09-17,MTH101,57.87,4,1
S2595,2025-03-16,PHY101,67.71,4,1
S2595,2025-09-12,ENG101,68.27,4,1
S2596,2024-03-21,CSE101,79.11,4,1
S2596,2024-09-17,MTH101,78.95,4,1
S2596,2025-03-16,PHY101,83.85,4,1
S2596,2025-09-12,ENG101,64.28,4,1
S2597,2024-03-21,CSE101,70.26,4,1
S2597,2024-09-17,MTH101,75.9,4,1
S2597,2025-03-16,PHY101,74.5,4,1
S2597,2025-09-12,ENG101,61.9,4,1
S2598,2024-03-21,CSE101,62.47,4,1
S2598,2024-09-17,MTH101,72.29,4,1
S2598,2025-03-16,PHY101,59.85,4,1
S2598,2025-09-12,ENG101,49.39,4,1
S2599,2024-03-21,CSE101,76.24,4,1
S2599,2024-09-17,MTH101,76.26,4,1
S2599,2025-03-16,PHY101,94.69,4,1
S2599,2025-09-12,ENG101,91.45,4,1
S2600,2024-03-21,CSE101,92.68,4,1
S2600,2024-09-17,MTH101,72.58,4,1
S2600,2025-03-16,PHY101,68.86,4,1
S2600,2025-09-12,ENG101,84.97,4,1
S2601,2024-03-21,CSE101,63.25,4,1
S2601,2024-09-17,MTH101,76.88,4,1
S2601,2025-03-16,PHY101,65.64,4,1
S2601,2025-09-12,ENG101,67.62,4,1
S2602,2024-03-21,CSE101,59.62,4,1
S2602,2024-09-17,MTH101,82.02,4,1
S2602,2025-03-16,PHY101,82.73,4,1
S2602,2025-09-12,ENG101,85.81,4,1
S2603,2024-03-21,CSE101,65.67,4,1
S2603,2024-09-17,MTH101,64.09,4,1
S2603,2025-03-16,PHY101,67.47,4,1
S2603,2025-09-12,ENG101,42.75,4,1
S2604,2024-03-21,CSE101,70.88,4,1
S2604,2024-09-17,MTH101,68.15,4,1
S2604,2025-03-16,PHY101,62.68,4,1
S2604,2025-09-12,ENG101,62.11,4,1
S2605,2024-03-21,CSE101,85.51,4,1
S2605,2024-09-17,MTH101,65.02,4,1
S2605,2025-03-16,PHY101,73.79,4,1
S2605,2025-09-12,ENG101,43.73,4,1
S2606,2024-03-21,CSE101,64.37,4,1
S2606,2024-09-17,MTH101,68.05,4,1
S2606,2025-03-16,PHY101,74.66,4,1
S2606,2025-09-12,ENG101,69.87,4,1
S2607,2024-03-21,CSE101,66.61,4,1
S2607,2024-09-17,MTH101,59.01,4,1
S2607,2025-03-16,PHY101,63.2,4,1
S2607,2025-09-12,ENG101,69.56,4,1
S2608,2024-03-21,CSE101,66.21,4,1
S2608,2024-09-17,MTH101,56.8,4,1
S2608,2025-03-16,PHY101,51.6,4,1
S2608,2025-09-12,ENG101,62.42,4,1
S2609,2024-03-21,CSE101,95.39,4,1
S2609,2024-09-17,MTH101,67.79,4,1
S2609,2025-03-16,PHY101,96.02,4,1
S2609,2025-09-12,ENG101,63.19,4,1
S2610,2024-03-21,CSE101,60.92,4,1
S2610,2024-09-17,MTH101,56.78,4,1
S2610,2025-03-16,PHY101,85.31,4,1
S2610,2025-09-12,ENG101,76.63,4,1
S2611,2024-03-21,CSE101,62.38,4,1
S2611,2024-09-17,MTH101,62.96,4,1
S2611,2025-03-16,PHY101,65.05,4,1
S2611,2025-09-12,ENG101,74.92,4,1
S2612,2024-03-21,CSE101,73.47,4,1
S2612,2024-09-17,MTH101,81.5,4,1
S2612,2025-03-16,PHY101,69.98,4,1
S2612,2025-09-12,ENG101,70.71,4,1
S2613,2024-03-21,CSE101,64.39,4,1
S2613,2024-09-17,MTH101,75.12,4,1
S2613,2025-03-16,PHY101,76.79,4,1
S2613,2025-09-12,ENG101,71.87,4,1
S2614,2024-03-21,CSE101,92.93,4,1
S2614,2024-09-17,MTH101,88.44,4,1
S2614,2025-03-16,PHY101,71.97,4,1
S2614,2025-09-12,ENG101,64.2,4,1
S2615,2024-03-21,CSE101,56.77,4,1
S2615,2024-09-17,MTH101,71.16,4,1
S2615,2025-03-16,PHY101,62.97,4,1
S2615,2025-09-12,ENG101,65.52,4,1
S2616,2024-03-21,CSE101,55.32,4,1
S2616,2024-09-17,MTH101,75.02,4,1
S2616,2025-03-16,PHY101,69.5,4,1
S2616,2025-09-12,ENG101,62.99,4,1
S2617,2024-03-21,CSE101,61.93,4,1
S2617,2024-09-17,MTH101,71.73,4,1
S2617,2025-03-16,PHY101,64.36,4,1
S2617,2025-09-12,ENG101,72.95,4,1
S2618,2024-03-21,CSE101,67.52,4,1
S2618,2024-09-17,MTH101,52.92,4,1
S2618,2025-03-16,PHY101,67.08,4,1
S2618,2025-09-12,ENG101,51.09,4,1
S2619,2024-03-21,CSE101,70.15,4,1
S2619,2024-09-17,MTH101,80.66,4,1
S2619,2025-03-16,PHY101,63.27,4,1
S2619,2025-09-12,ENG101,72.17,4,1
S2620,2024-03-21,CSE101,56.92,4,1
S2620,2024-09-17,MTH101,44.17,4,1
S2620,2025-03-16,PHY101,73.87,4,1
S2620,2025-09-12,ENG101,43.56,4,1
S2621,2024-03-21,CSE101,67.25,4,1
S2621,2024-09-17,MTH101,65.01,4,1
S2621,2025-03-16,PHY101,68.39,4,1
S2621,2025-09-12,ENG101,59.67,4,1
S2622,2024-03-21,CSE101,88.79,4,1
S2622,2024-09-17,MTH101,56.02,4,1
S2622,2025-03-16,PHY101,62.23,4,1
S2622,2025-09-12,ENG101,65.5,4,1
S2623,2024-03-21,CSE101,61.97,4,1
S2623,2024-09-17,MTH101,79.23,4,1
S2623,2025-03-16,PHY101,79.66,4,1
S2623,2025-09-12,ENG101,50.01,4,1
S2624,2024-03-21,CSE101,70.29,4,1
S2624,2024-09-17,MTH101,70.42,4,1
S2624,2025-03-16,PHY101,68.78,4,1
S2624,2025-09-12,ENG101,73.71,4,1
S2625,2024-03-21,CSE101,100.0,4,1
S2625,2024-09-17,MTH101,100.0,4,1
S2625,2025-03-16,PHY101,80.4,4,1
S2625,2025-09-12,ENG101,69.0,4,1
S2626,2024-03-21,CSE101,82.66,4,1
S2626,2024-09-17,MTH101,79.51,4,1
S2626,2025-03-16,PHY101,67.89,4,1
S2626,2025-09-12,ENG101,63.14,4,1
S2627,2024-03-21,CSE101,52.41,4,1
S2627,2024-09-17,MTH101,64.0,4,1
S2627,2025-03-16,PHY101,60.66,4,1
S2627,2025-09-12,ENG101,72.8,4,1
S2628,2024-03-21,CSE101,83.87,4,1
S2628,2024-09-17,MTH101,48.98,4,1
S2628,2025-03-16,PHY101,69.14,4,1
S2628,2025-09-12,ENG101,49.0,4,1
S2629,2024-03-21,CSE101,76.8,4,1
S2629,2024-09-17,MTH101,48.88,4,1
S2629,2025-03-16,PHY101,72.08,4,1
S2629,2025-09-12,ENG101,75.84,4,1
S2630,2024-03-21,CSE101,76.54,4,1
S2630,2024-09-17,MTH101,68.29,4,1
S2630,2025-03-16,PHY101,68.82,4,1
S2630,2025-09-12,ENG101,65.02,4,1
S2631,2024-03-21,CSE101,69.08,4,1
S2631,2024-09-17,MTH101,63.82,4,1
S2631,2025-03-16,PHY101,83.65,4,1
S2631,2025-09-12,ENG101,73.01,4,1
S2632,2024-03-21,CSE101,61.4,4,1
S2632,2024-09-17,MTH101,60.13,4,1
S2632,2025-03-16,PHY101,75.84,4,1
S2632,2025-09-12,ENG101,58.97,4,1
S2633,2024-03-21,CSE101,72.5,4,1
S2633,2024-09-17,MTH101,68.19,4,1
S2633,2025-03-16,PHY101,53.23,4,1
S2633,2025-09-12,ENG101,61.29,4,1
S2634,2024-03-21,CSE101,51.72,4,1
S2634,2024-09-17,MTH101,71.95,4,1
S2634,2025-03-16,PHY101,81.77,4,1
S2634,2025-09-12,ENG101,60.93,4,1
S2635,2024-03-21,CSE101,84.36,4,1
S2635,2024-09-17,MTH101,72.37,4,1
S2635,2025-03-16,PHY101,83.61,4,1
S2635,2025-09-12,ENG101,77.95,4,1
S2636,2024-03-21,CSE101,55.44,4,1
S2636,2024-09-17,MTH101,47.15,4,1
S2636,2025-03-16,PHY101,70.51,4,1
S2636,2025-09-12,ENG101,58.0,4,1
S2637,2024-03-21,CSE101,80.38,4,1
S2637,2024-09-17,MTH101,95.29,4,1
S2637,2025-03-16,PHY101,71.36,4,1
S2637,2025-09-12,ENG101,61.63,4,1
S2638,2024-03-21,CSE101,55.78,4,1
S2638,2024-09-17,MTH101,61.17,4,1
S2638,2025-03-16,PHY101,63.94,4,1
S2638,2025-09-12,ENG101,72.96,4,1
S2639,2024-03-21,CSE101,62.34,4,1
S2639,2024-09-17,MTH101,57.98,4,1
S2639,2025-03-16,PHY101,67.02,4,1
S2639,2025-09-12,ENG101,60.52,4,1
S2640,2024-03-21,CSE101,65.55,4,1
S2640,2024-09-17,MTH101,52.38,4,1
S2640,2025-03-16,PHY101,66.3,4,1
S2640,2025-09-12,ENG101,87.34,4,1
S2641,2024-03-21,CSE101,85.47,4,1
S2641,2024-09-17,MTH101,79.81,4,1
S2641,2025-03-16,PHY101,62.03,4,1
S2641,2025-09-12,ENG101,60.17,4,1
S2642,2024-03-21,CSE101,78.1,4,1
S2642,2024-09-17,MTH101,48.59,4,1
S2642,2025-03-16,PHY101,69.17,4,1
S2642,2025-09-12,ENG101,65.2,4,1
S2643,2024-03-21,CSE101,67.07,4,1
S2643,2024-09-17,MTH101,67.56,4,1
S2643,2025-03-16,PHY101,74.96,4,1
S2643,2025-09-12,ENG101,51.55,4,1
S2644,2024-03-21,CSE101,73.88,4,1
S2644,2024-09-17,MTH101,43.49,4,1
S2644,2025-03-16,PHY101,70.54,4,1
S2644,2025-09-12,ENG101,61.09,4,1
S2645,2024-03-21,CSE101,74.67,4,1
S2645,2024-09-17,MTH101,75.9,4,1
S2645,2025-03-16,PHY101,62.94,4,1
S2645,2025-09-12,ENG101,60.53,4,1
S2646,2024-03-21,CSE101,38.04,4,0
S2646,2024-09-17,MTH101,81.57,4,1
S2646,2025-03-16,PHY101,73.84,4,1
S2646,2025-09-12,ENG101,65.73,4,1
S2647,2024-03-21,CSE101,73.26,4,1
S2647,2024-09-17,MTH101,69.36,4,1
S2647,2025-03-16,PHY101,71.75,4,1
S2647,2025-09-12,ENG101,58.66,4,1
S2648,2024-03-21,CSE101,64.02,4,1
S2648,2024-09-17,MTH101,92.89,4,1
S2648,2025-03-16,PHY101,75.75,4,1
S2648,2025-09-12,ENG101,51.55,4,1
S2649,2024-03-21,CSE101,74.11,4,1
S2649,2024-09-17,MTH101,92.19,4,1
S2649,2025-03-16,PHY101,74.37,4,1
S2649,2025-09-12,ENG101,67.27,4,1
S2650,2024-03-21,CSE101,73.04,4,1
S2650,2024-09-17,MTH101,62.52,4,1
S2650,2025-03-16,PHY101,75.17,4,1
S2650,2025-09-12,ENG101,55.73,4,1
S2651,2024-03-21,CSE101,72.15,4,1
S2651,2024-09-17,MTH101,74.9,4,1
S2651,2025-03-16,PHY101,69.94,4,1
S2651,2025-09-12,ENG101,79.02,4,1
S2652,2024-03-21,CSE101,68.8,4,1
S2652,2024-09-17,MTH101,74.33,4,1
S2652,2025-03-16,PHY101,75.21,4,1
S2652,2025-09-12,ENG101,73.02,4,1
S2653,2024-03-21,CSE101,72.29,4,1
S2653,2024-09-17,MTH101,81.74,4,1
S2653,2025-03-16,PHY101,61.56,4,1
S2653,2025-09-12,ENG101,64.11,4,1
S2654,2024-03-21,CSE101,72.75,4,1
S2654,2024-09-17,MTH101,80.94,4,1
S2654,2025-03-16,PHY101,64.02,4,1
S2654,2025-09-12,ENG101,75.41,4,1
S2655,2024-03-21,CSE101,68.36,4,1
S2655,2024-09-17,MTH101,63.82,4,1
S2655,2025-03-16,PHY101,79.81,4,1
S2655,2025-09-12,ENG101,53.83,4,1
S2656,2024-03-21,CSE101,56.15,4,1
S2656,2024-09-17,MTH101,76.63,4,1
S2656,2025-03-16,PHY101,82.31,4,1
S2656,2025-09-12,ENG101,74.7,4,1
S2657,2024-03-21,CSE101,62.92,4,1
S2657,2024-09-17,MTH101,71.24,4,1
S2657,2025-03-16,PHY101,75.32,4,1
S2657,2025-09-12,ENG101,76.05,4,1
S2658,2024-03-21,CSE101,65.57,4,1
S2658,2024-09-17,MTH101,59.24,4,1
S2658,2025-03-16,PHY101,64.48,4,1
S2658,2025-09-12,ENG101,59.88,4,1
S2659,2024-03-21,CSE101,67.03,4,1
S2659,2024-09-17,MTH101,74.5,4,1
S2659,2025-03-16,PHY101,63.32,4,1
S2659,2025-09-12,ENG101,92.51,4,1
S2660,2024-03-21,CSE101,71.46,4,1
S2660,2024-09-17,MTH101,72.71,4,1
S2660,2025-03-16,PHY101,41.82,4,1
S2660,2025-09-12,ENG101,56.06,4,1
S2661,2024-03-21,CSE101,65.5,4,1
S2661,2024-09-17,MTH101,68.34,4,1
S2661,2025-03-16,PHY101,82.22,4,1
S2661,2025-09-12,ENG101,68.4,4,1
S2662,2024-03-21,CSE101,62.29,4,1
S2662,2024-09-17,MTH101,74.43,4,1
S2662,2025-03-16,PHY101,52.34,4,1
S2662,2025-09-12,ENG101,78.32,4,1
S2663,2024-03-21,CSE101,74.03,4,1
S2663,2024-09-17,MTH101,59.86,4,1
S2663,2025-03-16,PHY101,89.75,4,1
S2663,2025-09-12,ENG101,68.53,4,1
S2664,2024-03-21,CSE101,68.86,4,1
S2664,2024-09-17,MTH101,65.69,4,1
S2664,2025-03-16,PHY101,78.97,4,1
S2664,2025-09-12,ENG101,58.25,4,1
S2665,2024-03-21,CSE101,77.58,4,1
S2665,2024-09-17,MTH101,66.09,4,1
S2665,2025-03-16,PHY101,57.99,4,1
S2665,2025-09-12,ENG101,70.4,4,1
S2666,2024-03-21,CSE101,56.39,4,1
S2666,2024-09-17,MTH101,60.14,4,1
S2666,2025-03-16,PHY101,55.34,4,1
S2666,2025-09-12,ENG101,57.51,4,1
S2667,2024-03-21,CSE101,51.62,4,1
S2667,2024-09-17,MTH101,78.75,4,1
S2667,2025-03-16,PHY101,66.58,4,1
S2667,2025-09-12,ENG101,57.32,4,1
S2668,2024-03-21,CSE101,59.89,4,1
S2668,2024-09-17,MTH101,68.61,4,1
S2668,2025-03-16,PHY101,76.5,4,1
S2668,2025-09-12,ENG101,62.99,4,1
S2669,2024-03-21,CSE101,78.76,4,1
S2669,2024-09-17,MTH101,51.54,4,1
S2669,2025-03-16,PHY101,69.95,4,1
S2669,2025-09-12,ENG101,79.58,4,1
S2670,2024-03-21,CSE101,67.52,4,1
S2670,2024-09-17,MTH101,72.19,4,1
S2670,2025-03-16,PHY101,67.74,4,1
S2670,2025-09-12,ENG101,66.16,4,1
S2671,2024-03-21,CSE101,63.97,4,1
S2671,2024-09-17,MTH101,84.36,4,1
S2671,2025-03-16,PHY101,78.22,4,1
S2671,2025-09-12,ENG101,72.38,4,1
S2672,2024-03-21,CSE101,53.34,4,1
S2672,2024-09-17,MTH101,65.99,4,1
S2672,2025-03-16,PHY101,49.35,4,1
S2672,2025-09-12,ENG101,48.81,4,1
S2673,2024-03-21,CSE101,77.03,4,1
S2673,2024-09-17,MTH101,72.85,4,1
S2673,2025-03-16,PHY101,53.9,4,1
S2673,2025-09-12,ENG101,86.46,4,1
S2674,2024-03-21,CSE101,55.59,4,1
S2674,2024-09-17,MTH101,47.86,4,1
S2674,2025-03-16,PHY101,79.08,4,1
S2674,2025-09-12,ENG101,67.15,4,1
S2675,2024-03-21,CSE101,46.82,4,1
S2675,2024-09-17,MTH101,72.81,4,1
S2675,2025-03-16,PHY101,59.65,4,1
S2675,2025-09-12,ENG101,74.49,4,1
S2676,2024-03-21,CSE101,72.81,4,1
S2676,2024-09-17,MTH101,76.23,4,1
S2676,2025-03-16,PHY101,68.54,4,1
S2676,2025-09-12,ENG101,56.07,4,1
S2677,2024-03-21,CSE101,67.99,4,1
S2677,2024-09-17,MTH101,59.67,4,1
S2677,2025-03-16,PHY101,51.35,4,1
S2677,2025-09-12,ENG101,57.41,4,1
S2678,2024-03-21,CSE101,55.47,4,1
S2678,2024-09-17,MTH101,81.51,4,1
S2678,2025-03-16,PHY101,66.0,4,1
S2678,2025-09-12,ENG101,69.68,4,1
S2679,2024-03-21,CSE101,80.08,4,1
S2679,2024-09-17,MTH101,63.87,4,1
S2679,2025-03-16,PHY101,63.41,4,1
S2679,2025-09-12,ENG101,59.93,4,1
S2680,2024-03-21,CSE101,74.98,4,1
S2680,2024-09-17,MTH101,78.57,4,1
S2680,2025-03-16,PHY101,70.71,4,1
S2680,2025-09-12,ENG101,74.01,4,1
S2681,2024-03-21,CSE101,61.37,4,1
S2681,2024-09-17,MTH101,82.34,4,1
S2681,2025-03-16,PHY101,64.38,4,1
S2681,2025-09-12,ENG101,61.99,4,1
S2682,2024-03-21,CSE101,75.31,4,1
S2682,2024-09-17,MTH101,62.53,4,1
S2682,2025-03-16,PHY101,76.98,4,1
S2682,2025-09-12,ENG101,69.24,4,1
S2683,2024-03-21,CSE101,58.3,4,1
S2683,2024-09-17,MTH101,72.51,4,1
S2683,2025-03-16,PHY101,73.67,4,1
S2683,2025-09-12,ENG101,74.51,4,1
S2684,2024-03-21,CSE101,73.25,4,1
S2684,2024-09-17,MTH101,61.0,4,1
S2684,2025-03-16,PHY101,63.69,4,1
S2684,2025-09-12,ENG101,76.24,4,1
S2685,2024-03-21,CSE101,51.14,4,1
S2685,2024-09-17,MTH101,74.17,4,1
S2685,2025-03-16,PHY101,65.62,4,1
S2685,2025-09-12,ENG101,52.47,4,1
S2686,2024-03-21,CSE101,52.34,4,1
S2686,2024-09-17,MTH101,83.31,4,1
S2686,2025-03-16,PHY101,61.59,4,1
S2686,2025-09-12,ENG101,66.14,4,1
S2687,2024-03-21,CSE101,69.52,4,1
S2687,2024-09-17,MTH101,66.23,4,1
S2687,2025-03-16,PHY101,40.41,4,1
S2687,2025-09-12,ENG101,57.9,4,1
S2688,2024-03-21,CSE101,48.58,4,1
S2688,2024-09-17,MTH101,74.7,4,1
S2688,2025-03-16,PHY101,73.4,4,1
S2688,2025-09-12,ENG101,79.75,4,1
S2689,2024-03-21,CSE101,72.93,4,1
S2689,2024-09-17,MTH101,64.72,4,1
S2689,2025-03-16,PHY101,58.94,4,1
S2689,2025-09-12,ENG101,82.33,4,1
S2690,2024-03-21,CSE101,77.81,4,1
S2690,2024-09-17,MTH101,67.69,4,1
S2690,2025-03-16,PHY101,59.63,4,1
S2690,2025-09-12,ENG101,70.81,4,1
S2691,2024-03-21,CSE101,71.42,4,1
S2691,2024-09-17,MTH101,72.63,4,1
S2691,2025-03-16,PHY101,64.87,4,1
S2691,2025-09-12,ENG101,68.67,4,1
S2692,2024-03-21,CSE101,76.56,4,1
S2692,2024-09-17,MTH101,56.04,4,1
S2692,2025-03-16,PHY101,70.31,4,1
S2692,2025-09-12,ENG101,74.32,4,1
S2693,2024-03-21,CSE101,51.8,4,1
S2693,2024-09-17,MTH101,59.0,4,1
S2693,2025-03-16,PHY101,55.38,4,1
S2693,2025-09-12,ENG101,59.39,4,1
S2694,2024-03-21,CSE101,67.45,4,1
S2694,2024-09-17,MTH101,63.69,4,1
S2694,2025-03-16,PHY101,86.7,4,1
S2694,2025-09-12,ENG101,59.85,4,1
S2695,2024-03-21,CSE101,65.82,4,1
S2695,2024-09-17,MTH101,69.8,4,1
S2695,2025-03-16,PHY101,77.19,4,1
S2695,2025-09-12,ENG101,70.93,4,1
S2696,2024-03-21,CSE101,75.56,4,1
S2696,2024-09-17,MTH101,80.2,4,1
S2696,2025-03-16,PHY101,70.14,4,1
S2696,2025-09-12,ENG101,77.78,4,1
S2697,2024-03-21,CSE101,64.16,4,1
S2697,2024-09-17,MTH101,71.81,4,1
S2697,2025-03-16,PHY101,61.69,4,1
S2697,2025-09-12,ENG101,76.62,4,1
S2698,2024-03-21,CSE101,43.93,4,1
S2698,2024-09-17,MTH101,75.09,4,1
S2698,2025-03-16,PHY101,59.72,4,1
S2698,2025-09-12,ENG101,61.1,4,1
S2699,2024-03-21,CSE101,69.13,4,1
S2699,2024-09-17,MTH101,82.24,4,1
S2699,2025-03-16,PHY101,70.48,4,1
S2699,2025-09-12,ENG101,84.52,4,1
S2700,2024-03-21,CSE101,75.52,4,1
S2700,2024-09-17,MTH101,65.69,4,1
S2700,2025-03-16,PHY101,74.81,4,1
S2700,2025-09-12,ENG101,64.57,4,1
S2701,2024-03-21,CSE101,57.37,4,1
S2701,2024-09-17,MTH101,48.6,4,1
S2701,2025-03-16,PHY101,67.65,4,1
S2701,2025-09-12,ENG101,49.31,4,1
S2702,2024-03-21,CSE101,86.55,4,1
S2702,2024-09-17,MTH101,78.48,4,1
S2702,2025-03-16,PHY101,94.45,4,1
S2702,2025-09-12,ENG101,100.0,4,1
S2703,2024-03-21,CSE101,42.28,4,1
S2703,2024-09-17,MTH101,57.08,4,1
S2703,2025-03-16,PHY101,63.83,4,1
S2703,2025-09-12,ENG101,50.05,4,1
S2704,2024-03-21,CSE101,51.43,4,1
S2704,2024-09-17,MTH101,70.97,4,1
S2704,2025-03-16,PHY101,65.86,4,1
S2704,2025-09-12,ENG101,62.07,4,1
S2705,2024-03-21,CSE101,69.91,4,1
S2705,2024-09-17,MTH101,55.18,4,1
S2705,2025-03-16,PHY101,49.02,4,1
S2705,2025-09-12,ENG101,68.54,4,1
S2706,2024-03-21,CSE101,61.73,4,1
S2706,2024-09-17,MTH101,77.1,4,1
S2706,2025-03-16,PHY101,57.19,4,1
S2706,2025-09-12,ENG101,85.85,4,1
S2707,2024-03-21,CSE101,64.97,4,1
S2707,2024-09-17,MTH101,63.35,4,1
S2707,2025-03-16,PHY101,85.84,4,1
S2707,2025-09-12,ENG101,80.77,4,1
S2708,2024-03-21,CSE101,69.36,4,1
S2708,2024-09-17,MTH101,72.33,4,1
S2708,2025-03-16,PHY101,98.42,4,1
S2708,2025-09-12,ENG101,60.53,4,1
S2709,2024-03-21,CSE101,73.84,4,1
S2709,2024-09-17,MTH101,57.14,4,1
S2709,2025-03-16,PHY101,75.18,4,1
S2709,2025-09-12,ENG101,68.1,4,1
S2710,2024-03-21,CSE101,84.05,4,1
S2710,2024-09-17,MTH101,64.02,4,1
S2710,2025-03-16,PHY101,88.36,4,1
S2710,2025-09-12,ENG101,69.02,4,1
S2711,2024-03-21,CSE101,75.17,4,1
S2711,2024-09-17,MTH101,78.65,4,1
S2711,2025-03-16,PHY101,61.66,4,1
S2711,2025-09-12,ENG101,66.68,4,1
S2712,2024-03-21,CSE101,62.8,4,1
S2712,2024-09-17,MTH101,59.05,4,1
S2712,2025-03-16,PHY101,56.85,4,1
S2712,2025-09-12,ENG101,53.57,4,1
S2713,2024-03-21,CSE101,64.45,4,1
S2713,2024-09-17,MTH101,97.6,4,1
S2713,2025-03-16,PHY101,51.85,4,1
S2713,2025-09-12,ENG101,82.42,4,1
S2714,2024-03-21,CSE101,80.35,4,1
S2714,2024-09-17,MTH101,52.91,4,1
S2714,2025-03-16,PHY101,78.3,4,1
S2714,2025-09-12,ENG101,46.33,4,1
S2715,2024-03-21,CSE101,61.29,4,1
S2715,2024-09-17,MTH101,54.83,4,1
S2715,2025-03-16,PHY101,76.3,4,1
S2715,2025-09-12,ENG101,75.69,4,1
S2716,2024-03-21,CSE101,65.12,4,1
S2716,2024-09-17,MTH101,74.84,4,1
S2716,2025-03-16,PHY101,62.2,4,1
S2716,2025-09-12,ENG101,69.37,4,1
S2717,2024-03-21,CSE101,79.29,4,1
S2717,2024-09-17,MTH101,77.26,4,1
S2717,2025-03-16,PHY101,81.22,4,1
S2717,2025-09-12,ENG101,59.56,4,1
S2718,2024-03-21,CSE101,96.48,4,1
S2718,2024-09-17,MTH101,63.26,4,1
S2718,2025-03-16,PHY101,56.37,4,1
S2718,2025-09-12,ENG101,68.01,4,1
S2719,2024-03-21,CSE101,60.89,4,1
S2719,2024-09-17,MTH101,79.01,4,1
S2719,2025-03-16,PHY101,97.05,4,1
S2719,2025-09-12,ENG101,60.63,4,1
S2720,2024-03-21,CSE101,46.35,4,1
S2720,2024-09-17,MTH101,70.48,4,1
S2720,2025-03-16,PHY101,78.08,4,1
S2720,2025-09-12,ENG101,62.57,4,1
S2721,2024-03-21,CSE101,65.5,4,1
S2721,2024-09-17,MTH101,62.22,4,1
S2721,2025-03-16,PHY101,70.07,4,1
S2721,2025-09-12,ENG101,55.14,4,1
S2722,2024-03-21,CSE101,74.09,4,1
S2722,2024-09-17,MTH101,72.14,4,1
S2722,2025-03-16,PHY101,67.84,4,1
S2722,2025-09-12,ENG101,59.15,4,1
S2723,2024-03-21,CSE101,60.94,4,1
S2723,2024-09-17,MTH101,51.54,4,1
S2723,2025-03-16,PHY101,54.98,4,1
S2723,2025-09-12,ENG101,66.39,4,1
S2724,2024-03-21,CSE101,75.38,4,1
S2724,2024-09-17,MTH101,68.84,4,1
S2724,2025-03-16,PHY101,69.88,4,1
S2724,2025-09-12,ENG101,76.62,4,1
S2725,2024-03-21,CSE101,77.94,4,1
S2725,2024-09-17,MTH101,81.46,4,1
S2725,2025-03-16,PHY101,80.38,4,1
S2725,2025-09-12,ENG101,73.63,4,1
S2726,2024-03-21,CSE101,69.27,4,1
S2726,2024-09-17,MTH101,80.83,4,1
S2726,2025-03-16,PHY101,59.41,4,1
S2726,2025-09-12,ENG101,47.43,4,1
S2727,2024-03-21,CSE101,69.25,4,1
S2727,2024-09-17,MTH101,58.76,4,1
S2727,2025-03-16,PHY101,63.87,4,1
S2727,2025-09-12,ENG101,79.99,4,1
S2728,2024-03-21,CSE101,64.46,4,1
S2728,2024-09-17,MTH101,93.13,4,1
S2728,2025-03-16,PHY101,83.73,4,1
S2728,2025-09-12,ENG101,77.18,4,1
S2729,2024-03-21,CSE101,69.52,4,1
S2729,2024-09-17,MTH101,62.47,4,1
S2729,2025-03-16,PHY101,76.64,4,1
S2729,2025-09-12,ENG101,60.31,4,1
S2730,2024-03-21,CSE101,69.8,4,1
S2730,2024-09-17,MTH101,43.65,4,1
S2730,2025-03-16,PHY101,64.53,4,1
S2730,2025-09-12,ENG101,59.77,4,1
S2731,2024-03-21,CSE101,55.95,4,1
S2731,2024-09-17,MTH101,74.89,4,1
S2731,2025-03-16,PHY101,69.3,4,1
S2731,2025-09-12,ENG101,69.15,4,1
S2732,2024-03-21,CSE101,81.06,4,1
S2732,2024-09-17,MTH101,51.63,4,1
S2732,2025-03-16,PHY101,55.91,4,1
S2732,2025-09-12,ENG101,70.69,4,1
S2733,2024-03-21,CSE101,59.72,4,1
S2733,2024-09-17,MTH101,80.31,4,1
S2733,2025-03-16,PHY101,60.2,4,1
S2733,2025-09-12,ENG101,80.75,4,1
S2734,2024-03-21,CSE101,52.84,4,1
S2734,2024-09-17,MTH101,57.15,4,1
S2734,2025-03-16,PHY101,67.05,4,1
S2734,2025-09-12,ENG101,47.36,4,1
S2735,2024-03-21,CSE101,69.52,4,1
S2735,2024-09-17,MTH101,66.12,4,1
S2735,2025-03-16,PHY101,58.13,4,1
S2735,2025-09-12,ENG101,77.58,4,1
S2736,2024-03-21,CSE101,67.14,4,1
S2736,2024-09-17,MTH101,70.6,4,1
S2736,2025-03-16,PHY101,48.14,4,1
S2736,2025-09-12,ENG101,48.66,4,1
S2737,2024-03-21,CSE101,69.38,4,1
S2737,2024-09-17,MTH101,100.0,4,1
S2737,2025-03-16,PHY101,79.34,4,1
S2737,2025-09-12,ENG101,53.25,4,1
S2738,2024-03-21,CSE101,72.55,4,1
S2738,2024-09-17,MTH101,60.83,4,1
S2738,2025-03-16,PHY101,50.13,4,1
S2738,2025-09-12,ENG101,34.98,4,0
S2739,2024-03-21,CSE101,58.46,4,1
S2739,2024-09-17,MTH101,66.15,4,1
S2739,2025-03-16,PHY101,53.08,4,1
S2739,2025-09-12,ENG101,60.55,4,1
S2740,2024-03-21,CSE101,67.15,4,1
S2740,2024-09-17,MTH101,59.58,4,1
S2740,2025-03-16,PHY101,75.7,4,1
S2740,2025-09-12,ENG101,52.79,4,1
S2741,2024-03-21,CSE101,71.72,4,1
S2741,2024-09-17,MTH101,64.03,4,1
S2741,2025-03-16,PHY101,63.25,4,1
S2741,2025-09-12,ENG101,62.77,4,1
S2742,2024-03-21,CSE101,78.72,4,1
S2742,2024-09-17,MTH101,60.72,4,1
S2742,2025-03-16,PHY101,74.14,4,1
S2742,2025-09-12,ENG101,59.64,4,1
S2743,2024-03-21,CSE101,79.17,4,1
S2743,2024-09-17,MTH101,82.84,4,1
S2743,2025-03-16,PHY101,83.78,4,1
S2743,2025-09-12,ENG101,66.64,4,1
S2744,2024-03-21,CSE101,76.37,4,1
S2744,2024-09-17,MTH101,92.02,4,1
S2744,2025-03-16,PHY101,73.39,4,1
S2744,2025-09-12,ENG101,65.7,4,1
S2745,2024-03-21,CSE101,72.11,4,1
S2745,2024-09-17,MTH101,67.26,4,1
S2745,2025-03-16,PHY101,66.26,4,1
S2745,2025-09-12,ENG101,65.94,4,1
S2746,2024-03-21,CSE101,50.46,4,1
S2746,2024-09-17,MTH101,75.17,4,1
S2746,2025-03-16,PHY101,58.89,4,1
S2746,2025-09-12,ENG101,68.79,4,1
S2747,2024-03-21,CSE101,75.93,4,1
S2747,2024-09-17,MTH101,73.02,4,1
S2747,2025-03-16,PHY101,63.93,4,1
S2747,2025-09-12,ENG101,61.13,4,1
S2748,2024-03-21,CSE101,54.23,4,1
S2748,2024-09-17,MTH101,52.3,4,1
S2748,2025-03-16,PHY101,78.32,4,1
S2748,2025-09-12,ENG101,64.56,4,1
S2749,2024-03-21,CSE101,58.7,4,1
S2749,2024-09-17,MTH101,58.24,4,1
S2749,2025-03-16,PHY101,69.45,4,1
S2749,2025-09-12,ENG101,82.53,4,1
S2750,2024-03-21,CSE101,79.93,4,1
S2750,2024-09-17,MTH101,84.05,4,1
S2750,2025-03-16,PHY101,81.52,4,1
S2750,2025-09-12,ENG101,80.34,4,1
S2751,2024-03-21,CSE101,79.16,4,1
S2751,2024-09-17,MTH101,60.07,4,1
S2751,2025-03-16,PHY101,66.63,4,1
S2751,2025-09-12,ENG101,64.64,4,1
S2752,2024-03-21,CSE101,82.22,4,1
S2752,2024-09-17,MTH101,82.32,4,1
S2752,2025-03-16,PHY101,73.24,4,1
S2752,2025-09-12,ENG101,68.93,4,1
S2753,2024-03-21,CSE101,73.79,4,1
S2753,2024-09-17,MTH101,68.45,4,1
S2753,2025-03-16,PHY101,74.52,4,1
S2753,2025-09-12,ENG101,84.38,4,1
S2754,2024-03-21,CSE101,65.52,4,1
S2754,2024-09-17,MTH101,52.26,4,1
S2754,2025-03-16,PHY101,70.47,4,1
S2754,2025-09-12,ENG101,64.57,4,1
S2755,2024-03-21,CSE101,75.76,4,1
S2755,2024-09-17,MTH101,80.97,4,1
S2755,2025-03-16,PHY101,65.69,4,1
S2755,2025-09-12,ENG101,74.1,4,1
S2756,2024-03-21,CSE101,69.32,4,1
S2756,2024-09-17,MTH101,73.36,4,1
S2756,2025-03-16,PHY101,71.02,4,1
S2756,2025-09-12,ENG101,57.37,4,1
S2757,2024-03-21,CSE101,67.57,4,1
S2757,2024-09-17,MTH101,63.72,4,1
S2757,2025-03-16,PHY101,79.14,4,1
S2757,2025-09-12,ENG101,55.64,4,1
S2758,2024-03-21,CSE101,56.11,4,1
S2758,2024-09-17,MTH101,75.61,4,1
S2758,2025-03-16,PHY101,63.74,4,1
S2758,2025-09-12,ENG101,66.16,4,1
S2759,2024-03-21,CSE101,66.34,4,1
S2759,2024-09-17,MTH101,53.57,4,1
S2759,2025-03-16,PHY101,65.02,4,1
S2759,2025-09-12,ENG101,57.52,4,1
S2760,2024-03-21,CSE101,61.56,4,1
S2760,2024-09-17,MTH101,62.02,4,1
S2760,2025-03-16,PHY101,46.43,4,1
S2760,2025-09-12,ENG101,62.4,4,1
S2761,2024-03-21,CSE101,67.31,4,1
S2761,2024-09-17,MTH101,69.77,4,1
S2761,2025-03-16,PHY101,57.34,4,1
S2761,2025-09-12,ENG101,77.28,4,1
S2762,2024-03-21,CSE101,55.66,4,1
S2762,2024-09-17,MTH101,57.38,4,1
S2762,2025-03-16,PHY101,61.46,4,1
S2762,2025-09-12,ENG101,49.74,4,1
S2763,2024-03-21,CSE101,58.3,4,1
S2763,2024-09-17,MTH101,73.93,4,1
S2763,2025-03-16,PHY101,60.47,4,1
S2763,2025-09-12,ENG101,80.87,4,1
S2764,2024-03-21,CSE101,40.62,4,1
S2764,2024-09-17,MTH101,59.22,4,1
S2764,2025-03-16,PHY101,59.37,4,1
S2764,2025-09-12,ENG101,67.17,4,1
S2765,2024-03-21,CSE101,53.35,4,1
S2765,2024-09-17,MTH101,60.05,4,1
S2765,2025-03-16,PHY101,68.69,4,1
S2765,2025-09-12,ENG101,61.24,4,1
S2766,2024-03-21,CSE101,72.93,4,1
S2766,2024-09-17,MTH101,81.04,4,1
S2766,2025-03-16,PHY101,88.15,4,1
S2766,2025-09-12,ENG101,90.91,4,1
S2767,2024-03-21,CSE101,63.19,4,1
S2767,2024-09-17,MTH101,84.28,4,1
S2767,2025-03-16,PHY101,57.03,4,1
S2767,2025-09-12,ENG101,78.14,4,1
S2768,2024-03-21,CSE101,94.19,4,1
S2768,2024-09-17,MTH101,60.73,4,1
S2768,2025-03-16,PHY101,88.85,4,1
S2768,2025-09-12,ENG101,63.6,4,1
S2769,2024-03-21,CSE101,82.58,4,1
S2769,2024-09-17,MTH101,69.08,4,1
S2769,2025-03-16,PHY101,79.21,4,1
S2769,2025-09-12,ENG101,48.21,4,1
S2770,2024-03-21,CSE101,47.0,4,1
S2770,2024-09-17,MTH101,52.87,4,1
S2770,2025-03-16,PHY101,65.79,4,1
S2770,2025-09-12,ENG101,64.42,4,1
S2771,2024-03-21,CSE101,58.7,4,1
S2771,2024-09-17,MTH101,78.08,4,1
S2771,2025-03-16,PHY101,77.88,4,1
S2771,2025-09-12,ENG101,64.61,4,1
S2772,2024-03-21,CSE101,38.79,4,0
S2772,2024-09-17,MTH101,49.74,4,1
S2772,2025-03-16,PHY101,68.09,4,1
S2772,2025-09-12,ENG101,55.04,4,1
S2773,2024-03-21,CSE101,75.48,4,1
S2773,2024-09-17,MTH101,64.62,4,1
S2773,2025-03-16,PHY101,57.68,4,1
S2773,2025-09-12,ENG101,55.73,4,1
S2774,2024-03-21,CSE101,61.56,4,1
S2774,2024-09-17,MTH101,67.52,4,1
S2774,2025-03-16,PHY101,63.24,4,1
S2774,2025-09-12,ENG101,45.7,4,1
S2775,2024-03-21,CSE101,69.31,4,1
S2775,2024-09-17,MTH101,62.96,4,1
S2775,2025-03-16,PHY101,46.64,4,1
S2775,2025-09-12,ENG101,62.19,4,1
S2776,2024-03-21,CSE101,61.38,4,1
S2776,2024-09-17,MTH101,60.5,4,1
S2776,2025-03-16,PHY101,52.41,4,1
S2776,2025-09-12,ENG101,60.79,4,1
S2777,2024-03-21,CSE101,81.85,4,1
S2777,2024-09-17,MTH101,69.27,4,1
S2777,2025-03-16,PHY101,73.99,4,1
S2777,2025-09-12,ENG101,69.09,4,1
S2778,2024-03-21,CSE101,68.51,4,1
S2778,2024-09-17,MTH101,58.03,4,1
S2778,2025-03-16,PHY101,71.74,4,1
S2778,2025-09-12,ENG101,47.88,4,1
S2779,2024-03-21,CSE101,77.87,4,1
S2779,2024-09-17,MTH101,77.14,4,1
S2779,2025-03-16,PHY101,81.13,4,1
S2779,2025-09-12,ENG101,66.04,4,1
S2780,2024-03-21,CSE101,76.99,4,1
S2780,2024-09-17,MTH101,62.57,4,1
S2780,2025-03-16,PHY101,58.72,4,1
S2780,2025-09-12,ENG101,73.31,4,1
S2781,2024-03-21,CSE101,67.12,4,1
S2781,2024-09-17,MTH101,73.7,4,1
S2781,2025-03-16,PHY101,59.03,4,1
S2781,2025-09-12,ENG101,55.25,4,1
S2782,2024-03-21,CSE101,61.59,4,1
S2782,2024-09-17,MTH101,61.31,4,1
S2782,2025-03-16,PHY101,79.2,4,1
S2782,2025-09-12,ENG101,71.3,4,1
S2783,2024-03-21,CSE101,48.29,4,1
S2783,2024-09-17,MTH101,67.74,4,1
S2783,2025-03-16,PHY101,57.36,4,1
S2783,2025-09-12,ENG101,56.32,4,1
S2784,2024-03-21,CSE101,68.4,4,1
S2784,2024-09-17,MTH101,55.87,4,1
S2784,2025-03-16,PHY101,95.45,4,1
S2784,2025-09-12,ENG101,65.76,4,1
S2785,2024-03-21,CSE101,53.61,4,1
S2785,2024-09-17,MTH101,56.2,4,1
S2785,2025-03-16,PHY101,58.58,4,1
S2785,2025-09-12,ENG101,59.93,4,1
S2786,2024-03-21,CSE101,84.79,4,1
S2786,2024-09-17,MTH101,48.72,4,1
S2786,2025-03-16,PHY101,59.91,4,1
S2786,2025-09-12,ENG101,78.13,4,1
S2787,2024-03-21,CSE101,57.56,4,1
S2787,2024-09-17,MTH101,72.94,4,1
S2787,2025-03-16,PHY101,65.5,4,1
S2787,2025-09-12,ENG101,57.83,4,1
S2788,2024-03-21,CSE101,78.87,4,1
S2788,2024-09-17,MTH101,78.75,4,1
S2788,2025-03-16,PHY101,77.72,4,1
S2788,2025-09-12,ENG101,80.0,4,1
S2789,2024-03-21,CSE101,68.95,4,1
S2789,2024-09-17,MTH101,64.24,4,1
S2789,2025-03-16,PHY101,66.88,4,1
S2789,2025-09-12,ENG101,63.42,4,1
S2790,2024-03-21,CSE101,59.14,4,1
S2790,2024-09-17,MTH101,72.62,4,1
S2790,2025-03-16,PHY101,72.51,4,1
S2790,2025-09-12,ENG101,64.92,4,1
S2791,2024-03-21,CSE101,82.48,4,1
S2791,2024-09-17,MTH101,81.81,4,1
S2791,2025-03-16,PHY101,57.73,4,1
S2791,2025-09-12,ENG101,80.55,4,1
S2792,2024-03-21,CSE101,68.93,4,1
S2792,2024-09-17,MTH101,70.86,4,1
S2792,2025-03-16,PHY101,70.12,4,1
S2792,2025-09-12,ENG101,59.89,4,1
S2793,2024-03-21,CSE101,91.28,4,1
S2793,2024-09-17,MTH101,67.11,4,1
S2793,2025-03-16,PHY101,98.18,4,1
S2793,2025-09-12,ENG101,86.5,4,1
S2794,2024-03-21,CSE101,56.94,4,1
S2794,2024-09-17,MTH101,56.91,4,1
S2794,2025-03-16,PHY101,55.45,4,1
S2794,2025-09-12,ENG101,57.34,4,1
S2795,2024-03-21,CSE101,61.21,4,1
S2795,2024-09-17,MTH101,82.17,4,1
S2795,2025-03-16,PHY101,74.41,4,1
S2795,2025-09-12,ENG101,99.75,4,1
S2796,2024-03-21,CSE101,45.42,4,1
S2796,2024-09-17,MTH101,54.83,4,1
S2796,2025-03-16,PHY101,79.91,4,1
S2796,2025-09-12,ENG101,63.46,4,1
S2797,2024-03-21,CSE101,55.52,4,1
S2797,2024-09-17,MTH101,76.6,4,1
S2797,2025-03-16,PHY101,87.02,4,1
S2797,2025-09-12,ENG101,80.5,4,1
S2798,2024-03-21,CSE101,61.54,4,1
S2798,2024-09-17,MTH101,53.32,4,1
S2798,2025-03-16,PHY101,57.09,4,1
S2798,2025-09-12,ENG101,56.25,4,1
S2799,2024-03-21,CSE101,64.28,4,1
S2799,2024-09-17,MTH101,53.52,4,1
S2799,2025-03-16,PHY101,70.17,4,1
S2799,2025-09-12,ENG101,75.73,4,1
S2800,2024-03-21,CSE101,71.84,4,1
S2800,2024-09-17,MTH101,74.43,4,1
S2800,2025-03-16,PHY101,64.04,4,1
S2800,2025-09-12,ENG101,83.06,4,1
S2801,2024-03-21,CSE101,71.96,4,1
S2801,2024-09-17,MTH101,80.75,4,1
S2801,2025-03-16,PHY101,71.49,4,1
S2801,2025-09-12,ENG101,56.83,4,1
S2802,2024-03-21,CSE101,44.47,4,1
S2802,2024-09-17,MTH101,51.0,4,1
S2802,2025-03-16,PHY101,62.76,4,1
S2802,2025-09-12,ENG101,52.42,4,1
S2803,2024-03-21,CSE101,82.65,4,1
S2803,2024-09-17,MTH101,52.97,4,1
S2803,2025-03-16,PHY101,65.81,4,1
S2803,2025-09-12,ENG101,64.96,4,1
S2804,2024-03-21,CSE101,70.53,4,1
S2804,2024-09-17,MTH101,49.83,4,1
S2804,2025-03-16,PHY101,40.01,4,1
S2804,2025-09-12,ENG101,60.52,4,1
S2805,2024-03-21,CSE101,77.85,4,1
S2805,2024-09-17,MTH101,81.87,4,1
S2805,2025-03-16,PHY101,53.52,4,1
S2805,2025-09-12,ENG101,63.87,4,1
S2806,2024-03-21,CSE101,51.59,4,1
S2806,2024-09-17,MTH101,71.15,4,1
S2806,2025-03-16,PHY101,62.48,4,1
S2806,2025-09-12,ENG101,65.19,4,1
S2807,2024-03-21,CSE101,74.59,4,1
S2807,2024-09-17,MTH101,63.47,4,1
S2807,2025-03-16,PHY101,68.15,4,1
S2807,2025-09-12,ENG101,78.77,4,1
S2808,2024-03-21,CSE101,66.75,4,1
S2808,2024-09-17,MTH101,82.42,4,1
S2808,2025-03-16,PHY101,72.24,4,1
S2808,2025-09-12,ENG101,60.44,4,1
S2809,2024-03-21,CSE101,62.84,4,1
S2809,2024-09-17,MTH101,65.76,4,1
S2809,2025-03-16,PHY101,57.5,4,1
S2809,2025-09-12,ENG101,74.77,4,1
S2810,2024-03-21,CSE101,76.43,4,1
S2810,2024-09-17,MTH101,57.75,4,1
S2810,2025-03-16,PHY101,86.83,4,1
S2810,2025-09-12,ENG101,62.9,4,1
S2811,2024-03-21,CSE101,89.07,4,1
S2811,2024-09-17,MTH101,91.03,4,1
S2811,2025-03-16,PHY101,94.56,4,1
S2811,2025-09-12,ENG101,92.41,4,1
S2812,2024-03-21,CSE101,61.17,4,1
S2812,2024-09-17,MTH101,64.56,4,1
S2812,2025-03-16,PHY101,73.74,4,1
S2812,2025-09-12,ENG101,71.01,4,1
S2813,2024-03-21,CSE101,69.51,4,1
S2813,2024-09-17,MTH101,65.19,4,1
S2813,2025-03-16,PHY101,49.23,4,1
S2813,2025-09-12,ENG101,59.5,4,1
S2814,2024-03-21,CSE101,75.13,4,1
S2814,2024-09-17,MTH101,75.84,4,1
S2814,2025-03-16,PHY101,68.15,4,1
S2814,2025-09-12,ENG101,56.75,4,1
S2815,2024-03-21,CSE101,77.72,4,1
S2815,2024-09-17,MTH101,78.9,4,1
S2815,2025-03-16,PHY101,62.69,4,1
S2815,2025-09-12,ENG101,89.36,4,1
S2816,2024-03-21,CSE101,63.68,4,1
S2816,2024-09-17,MTH101,73.13,4,1
S2816,2025-03-16,PHY101,68.59,4,1
S2816,2025-09-12,ENG101,40.52,4,1
S2817,2024-03-21,CSE101,75.17,4,1
S2817,2024-09-17,MTH101,84.34,4,1
S2817,2025-03-16,PHY101,59.19,4,1
S2817,2025-09-12,ENG101,75.06,4,1
S2818,2024-03-21,CSE101,63.76,4,1
S2818,2024-09-17,MTH101,60.8,4,1
S2818,2025-03-16,PHY101,57.55,4,1
S2818,2025-09-12,ENG101,71.37,4,1
S2819,2024-03-21,CSE101,53.13,4,1
S2819,2024-09-17,MTH101,67.39,4,1
S2819,2025-03-16,PHY101,73.31,4,1
S2819,2025-09-12,ENG101,55.26,4,1
S2820,2024-03-21,CSE101,57.52,4,1
S2820,2024-09-17,MTH101,72.62,4,1
S2820,2025-03-16,PHY101,63.0,4,1
S2820,2025-09-12,ENG101,67.68,4,1
S2821,2024-03-21,CSE101,94.69,4,1
S2821,2024-09-17,MTH101,64.29,4,1
S2821,2025-03-16,PHY101,74.65,4,1
S2821,2025-09-12,ENG101,46.8,4,1
S2822,2024-03-21,CSE101,65.92,4,1
S2822,2024-09-17,MTH101,67.16,4,1
S2822,2025-03-16,PHY101,82.3,4,1
S2822,2025-09-12,ENG101,78.75,4,1
S2823,2024-03-21,CSE101,70.45,4,1
S2823,2024-09-17,MTH101,67.91,4,1
S2823,2025-03-16,PHY101,53.98,4,1
S2823,2025-09-12,ENG101,58.64,4,1
S2824,2024-03-21,CSE101,60.1,4,1
S2824,2024-09-17,MTH101,48.05,4,1
S2824,2025-03-16,PHY101,75.52,4,1
S2824,2025-09-12,ENG101,50.85,4,1
S2825,2024-03-21,CSE101,61.9,4,1
S2825,2024-09-17,MTH101,55.54,4,1
S2825,2025-03-16,PHY101,58.57,4,1
S2825,2025-09-12,ENG101,81.77,4,1
S2826,2024-03-21,CSE101,72.21,4,1
S2826,2024-09-17,MTH101,69.89,4,1
S2826,2025-03-16,PHY101,71.85,4,1
S2826,2025-09-12,ENG101,58.03,4,1
S2827,2024-03-21,CSE101,75.83,4,1
S2827,2024-09-17,MTH101,72.45,4,1
S2827,2025-03-16,PHY101,57.38,4,1
S2827,2025-09-12,ENG101,51.2,4,1
S2828,2024-03-21,CSE101,78.1,4,1
S2828,2024-09-17,MTH101,50.84,4,1
S2828,2025-03-16,PHY101,81.46,4,1
S2828,2025-09-12,ENG101,83.25,4,1
S2829,2024-03-21,CSE101,63.77,4,1
S2829,2024-09-17,MTH101,81.73,4,1
S2829,2025-03-16,PHY101,80.46,4,1
S2829,2025-09-12,ENG101,85.08,4,1
S2830,2024-03-21,CSE101,59.74,4,1
S2830,2024-09-17,MTH101,55.94,4,1
S2830,2025-03-16,PHY101,62.64,4,1
S2830,2025-09-12,ENG101,74.83,4,1
S2831,2024-03-21,CSE101,69.35,4,1
S2831,2024-09-17,MTH101,60.68,4,1
S2831,2025-03-16,PHY101,76.04,4,1
S2831,2025-09-12,ENG101,70.63,4,1
S2832,2024-03-21,CSE101,74.02,4,1
S2832,2024-09-17,MTH101,44.69,4,1
S2832,2025-03-16,PHY101,60.98,4,1
S2832,2025-09-12,ENG101,52.83,4,1
S2833,2024-03-21,CSE101,64.13,4,1
S2833,2024-09-17,MTH101,70.74,4,1
S2833,2025-03-16,PHY101,73.25,4,1
S2833,2025-09-12,ENG101,69.29,4,1
S2834,2024-03-21,CSE101,55.68,4,1
S2834,2024-09-17,MTH101,77.36,4,1
S2834,2025-03-16,PHY101,68.39,4,1
S2834,2025-09-12,ENG101,73.01,4,1
S2835,2024-03-21,CSE101,76.31,4,1
S2835,2024-09-17,MTH101,42.4,4,1
S2835,2025-03-16,PHY101,69.97,4,1
S2835,2025-09-12,ENG101,66.54,4,1
S2836,2024-03-21,CSE101,59.36,4,1
S2836,2024-09-17,MTH101,61.79,4,1
S2836,2025-03-16,PHY101,60.18,4,1
S2836,2025-09-12,ENG101,60.28,4,1
S2837,2024-03-21,CSE101,70.7,4,1
S2837,2024-09-17,MTH101,71.6,4,1
S2837,2025-03-16,PHY101,79.22,4,1
S2837,2025-09-12,ENG101,63.17,4,1
S2838,2024-03-21,CSE101,79.88,4,1
S2838,2024-09-17,MTH101,74.75,4,1
S2838,2025-03-16,PHY101,86.13,4,1
S2838,2025-09-12,ENG101,84.89,4,1
S2839,2024-03-21,CSE101,58.28,4,1
S2839,2024-09-17,MTH101,49.93,4,1
S2839,2025-03-16,PHY101,68.66,4,1
S2839,2025-09-12,ENG101,79.3,4,1
S2840,2024-03-21,CSE101,83.7,4,1
S2840,2024-09-17,MTH101,66.35,4,1
S2840,2025-03-16,PHY101,75.82,4,1
S2840,2025-09-12,ENG101,43.35,4,1
S2841,2024-03-21,CSE101,80.01,4,1
S2841,2024-09-17,MTH101,56.76,4,1
S2841,2025-03-16,PHY101,70.64,4,1
S2841,2025-09-12,ENG101,66.79,4,1
S2842,2024-03-21,CSE101,73.06,4,1
S2842,2024-09-17,MTH101,64.73,4,1
S2842,2025-03-16,PHY101,66.33,4,1
S2842,2025-09-12,ENG101,40.31,4,1
S2843,2024-03-21,CSE101,65.15,4,1
S2843,2024-09-17,MTH101,55.98,4,1
S2843,2025-03-16,PHY101,72.99,4,1
S2843,2025-09-12,ENG101,63.87,4,1
S2844,2024-03-21,CSE101,57.56,4,1
S2844,2024-09-17,MTH101,64.74,4,1
S2844,2025-03-16,PHY101,50.59,4,1
S2844,2025-09-12,ENG101,71.17,4,1
S2845,2024-03-21,CSE101,66.56,4,1
S2845,2024-09-17,MTH101,67.38,4,1
S2845,2025-03-16,PHY101,68.5,4,1
S2845,2025-09-12,ENG101,56.99,4,1
S2846,2024-03-21,CSE101,56.87,4,1
S2846,2024-09-17,MTH101,69.35,4,1
S2846,2025-03-16,PHY101,68.58,4,1
S2846,2025-09-12,ENG101,62.8,4,1
S2847,2024-03-21,CSE101,57.61,4,1
S2847,2024-09-17,MTH101,75.24,4,1
S2847,2025-03-16,PHY101,65.55,4,1
S2847,2025-09-12,ENG101,83.03,4,1
S2848,2024-03-21,CSE101,71.47,4,1
S2848,2024-09-17,MTH101,81.79,4,1
S2848,2025-03-16,PHY101,62.44,4,1
S2848,2025-09-12,ENG101,71.12,4,1
S2849,2024-03-21,CSE101,85.63,4,1
S2849,2024-09-17,MTH101,76.2,4,1
S2849,2025-03-16,PHY101,61.76,4,1
S2849,2025-09-12,ENG101,69.99,4,1
S2850,2024-03-21,CSE101,49.19,4,1
S2850,2024-09-17,MTH101,68.72,4,1
S2850,2025-03-16,PHY101,76.8,4,1
S2850,2025-09-12,ENG101,82.54,4,1
S2851,2024-03-21,CSE101,59.69,4,1
S2851,2024-09-17,MTH101,68.11,4,1
S2851,2025-03-16,PHY101,53.77,4,1
S2851,2025-09-12,ENG101,63.75,4,1
S2852,2024-03-21,CSE101,77.26,4,1
S2852,2024-09-17,MTH101,75.09,4,1
S2852,2025-03-16,PHY101,76.56,4,1
S2852,2025-09-12,ENG101,78.27,4,1
S2853,2024-03-21,CSE101,68.4,4,1
S2853,2024-09-17,MTH101,58.07,4,1
S2853,2025-03-16,PHY101,48.03,4,1
S2853,2025-09-12,ENG101,80.19,4,1
S2854,2024-03-21,CSE101,53.3,4,1
S2854,2024-09-17,MTH101,63.85,4,1
S2854,2025-03-16,PHY101,87.97,4,1
S2854,2025-09-12,ENG101,48.17,4,1
S2855,2024-03-21,CSE101,65.55,4,1
S2855,2024-09-17,MTH101,62.29,4,1
S2855,2025-03-16,PHY101,59.25,4,1
S2855,2025-09-12,ENG101,79.52,4,1
S2856,2024-03-21,CSE101,75.46,4,1
S2856,2024-09-17,MTH101,65.02,4,1
S2856,2025-03-16,PHY101,76.26,4,1
S2856,2025-09-12,ENG101,64.75,4,1
S2857,2024-03-21,CSE101,52.97,4,1
S2857,2024-09-17,MTH101,65.88,4,1
S2857,2025-03-16,PHY101,83.63,4,1
S2857,2025-09-12,ENG101,67.49,4,1
S2858,2024-03-21,CSE101,62.8,4,1
S2858,2024-09-17,MTH101,72.47,4,1
S2858,2025-03-16,PHY101,56.0,4,1
S2858,2025-09-12,ENG101,78.1,4,1
S2859,2024-03-21,CSE101,60.7,4,1
S2859,2024-09-17,MTH101,74.11,4,1
S2859,2025-03-16,PHY101,50.55,4,1
S2859,2025-09-12,ENG101,64.57,4,1
S2860,2024-03-21,CSE101,73.93,4,1
S2860,2024-09-17,MTH101,72.44,4,1
S2860,2025-03-16,PHY101,70.63,4,1
S2860,2025-09-12,ENG101,51.22,4,1
S2861,2024-03-21,CSE101,71.44,4,1
S2861,2024-09-17,MTH101,50.1,4,1
S2861,2025-03-16,PHY101,61.27,4,1
S2861,2025-09-12,ENG101,83.38,4,1
S2862,2024-03-21,CSE101,86.17,4,1
S2862,2024-09-17,MTH101,70.22,4,1
S2862,2025-03-16,PHY101,57.97,4,1
S2862,2025-09-12,ENG101,62.57,4,1
S2863,2024-03-21,CSE101,68.22,4,1
S2863,2024-09-17,MTH101,52.13,4,1
S2863,2025-03-16,PHY101,84.37,4,1
S2863,2025-09-12,ENG101,73.68,4,1
S2864,2024-03-21,CSE101,60.49,4,1
S2864,2024-09-17,MTH101,67.56,4,1
S2864,2025-03-16,PHY101,65.37,4,1
S2864,2025-09-12,ENG101,61.93,4,1
S2865,2024-03-21,CSE101,85.31,4,1
S2865,2024-09-17,MTH101,58.95,4,1
S2865,2025-03-16,PHY101,82.64,4,1
S2865,2025-09-12,ENG101,76.37,4,1
S2866,2024-03-21,CSE101,71.31,4,1
S2866,2024-09-17,MTH101,55.84,4,1
S2866,2025-03-16,PHY101,100.0,4,1
S2866,2025-09-12,ENG101,47.62,4,1
S2867,2024-03-21,CSE101,69.16,4,1
S2867,2024-09-17,MTH101,58.51,4,1
S2867,2025-03-16,PHY101,76.53,4,1
S2867,2025-09-12,ENG101,78.84,4,1
S2868,2024-03-21,CSE101,69.31,4,1
S2868,2024-09-17,MTH101,65.09,4,1
S2868,2025-03-16,PHY101,71.46,4,1
S2868,2025-09-12,ENG101,73.51,4,1
S2869,2024-03-21,CSE101,73.96,4,1
S2869,2024-09-17,MTH101,58.31,4,1
S2869,2025-03-16,PHY101,69.47,4,1
S2869,2025-09-12,ENG101,46.8,4,1
S2870,2024-03-21,CSE101,71.7,4,1
S2870,2024-09-17,MTH101,68.8,4,1
S2870,2025-03-16,PHY101,73.48,4,1
S2870,2025-09-12,ENG101,63.01,4,1
S2871,2024-03-21,CSE101,88.51,4,1
S2871,2024-09-17,MTH101,76.42,4,1
S2871,2025-03-16,PHY101,84.08,4,1
S2871,2025-09-12,ENG101,68.29,4,1
S2872,2024-03-21,CSE101,69.8,4,1
S2872,2024-09-17,MTH101,82.3,4,1
S2872,2025-03-16,PHY101,83.09,4,1
S2872,2025-09-12,ENG101,71.1,4,1
S2873,2024-03-21,CSE101,74.97,4,1
S2873,2024-09-17,MTH101,49.7,4,1
S2873,2025-03-16,PHY101,66.05,4,1
S2873,2025-09-12,ENG101,58.78,4,1
S2874,2024-03-21,CSE101,80.53,4,1
S2874,2024-09-17,MTH101,51.76,4,1
S2874,2025-03-16,PHY101,62.5,4,1
S2874,2025-09-12,ENG101,85.47,4,1
S2875,2024-03-21,CSE101,74.44,4,1
S2875,2024-09-17,MTH101,67.04,4,1
S2875,2025-03-16,PHY101,83.51,4,1
S2875,2025-09-12,ENG101,65.5,4,1
S2876,2024-03-21,CSE101,44.95,4,1
S2876,2024-09-17,MTH101,88.81,4,1
S2876,2025-03-16,PHY101,75.15,4,1
S2876,2025-09-12,ENG101,78.29,4,1
S2877,2024-03-21,CSE101,67.18,4,1
S2877,2024-09-17,MTH101,63.4,4,1
S2877,2025-03-16,PHY101,64.11,4,1
S2877,2025-09-12,ENG101,72.42,4,1
S2878,2024-03-21,CSE101,91.14,4,1
S2878,2024-09-17,MTH101,86.32,4,1
S2878,2025-03-16,PHY101,41.53,4,1
S2878,2025-09-12,ENG101,68.34,4,1
S2879,2024-03-21,CSE101,72.05,4,1
S2879,2024-09-17,MTH101,73.83,4,1
S2879,2025-03-16,PHY101,91.36,4,1
S2879,2025-09-12,ENG101,65.09,4,1
S2880,2024-03-21,CSE101,67.32,4,1
S2880,2024-09-17,MTH101,83.71,4,1
S2880,2025-03-16,PHY101,65.26,4,1
S2880,2025-09-12,ENG101,68.74,4,1
S2881,2024-03-21,CSE101,63.22,4,1
S2881,2024-09-17,MTH101,80.67,4,1
S2881,2025-03-16,PHY101,67.8,4,1
S2881,2025-09-12,ENG101,70.79,4,1
S2882,2024-03-21,CSE101,70.09,4,1
S2882,2024-09-17,MTH101,67.11,4,1
S2882,2025-03-16,PHY101,41.06,4,1
S2882,2025-09-12,ENG101,60.86,4,1
S2883,2024-03-21,CSE101,65.01,4,1
S2883,2024-09-17,MTH101,76.81,4,1
S2883,2025-03-16,PHY101,79.33,4,1
S2883,2025-09-12,ENG101,63.6,4,1
S2884,2024-03-21,CSE101,64.77,4,1
S2884,2024-09-17,MTH101,47.74,4,1
S2884,2025-03-16,PHY101,56.86,4,1
S2884,2025-09-12,ENG101,70.54,4,1
S2885,2024-03-21,CSE101,64.26,4,1
S2885,2024-09-17,MTH101,78.02,4,1
S2885,2025-03-16,PHY101,53.69,4,1
S2885,2025-09-12,ENG101,69.94,4,1
S2886,2024-03-21,CSE101,70.98,4,1
S2886,2024-09-17,MTH101,79.9,4,1
S2886,2025-03-16,PHY101,57.13,4,1
S2886,2025-09-12,ENG101,63.31,4,1
S2887,2024-03-21,CSE101,77.21,4,1
S2887,2024-09-17,MTH101,62.21,4,1
S2887,2025-03-16,PHY101,59.38,4,1
S2887,2025-09-12,ENG101,48.01,4,1
S2888,2024-03-21,CSE101,62.49,4,1
S2888,2024-09-17,MTH101,63.06,4,1
S2888,2025-03-16,PHY101,67.64,4,1
S2888,2025-09-12,ENG101,64.59,4,1
S2889,2024-03-21,CSE101,78.48,4,1
S2889,2024-09-17,MTH101,44.82,4,1
S2889,2025-03-16,PHY101,66.79,4,1
S2889,2025-09-12,ENG101,67.57,4,1
S2890,2024-03-21,CSE101,78.49,4,1
S2890,2024-09-17,MTH101,81.07,4,1
S2890,2025-03-16,PHY101,53.28,4,1
S2890,2025-09-12,ENG101,44.78,4,1
S2891,2024-03-21,CSE101,67.13,4,1
S2891,2024-09-17,MTH101,67.96,4,1
S2891,2025-03-16,PHY101,71.69,4,1
S2891,2025-09-12,ENG101,55.8,4,1
S2892,2024-03-21,CSE101,74.86,4,1
S2892,2024-09-17,MTH101,75.46,4,1
S2892,2025-03-16,PHY101,60.0,4,1
S2892,2025-09-12,ENG101,66.74,4,1
S2893,2024-03-21,CSE101,40.83,4,1
S2893,2024-09-17,MTH101,59.87,4,1
S2893,2025-03-16,PHY101,75.47,4,1
S2893,2025-09-12,ENG101,57.69,4,1
S2894,2024-03-21,CSE101,78.73,4,1
S2894,2024-09-17,MTH101,47.52,4,1
S2894,2025-03-16,PHY101,62.81,4,1
S2894,2025-09-12,ENG101,63.56,4,1
S2895,2024-03-21,CSE101,76.0,4,1
S2895,2024-09-17,MTH101,76.89,4,1
S2895,2025-03-16,PHY101,58.37,4,1
S2895,2025-09-12,ENG101,59.62,4,1
S2896,2024-03-21,CSE101,66.16,4,1
S2896,2024-09-17,MTH101,73.06,4,1
S2896,2025-03-16,PHY101,72.08,4,1
S2896,2025-09-12,ENG101,68.86,4,1
S2897,2024-03-21,CSE101,64.26,4,1
S2897,2024-09-17,MTH101,75.52,4,1
S2897,2025-03-16,PHY101,68.15,4,1
S2897,2025-09-12,ENG101,65.06,4,1
S2898,2024-03-21,CSE101,78.86,4,1
S2898,2024-09-17,MTH101,71.78,4,1
S2898,2025-03-16,PHY101,64.02,4,1
S2898,2025-09-12,ENG101,52.78,4,1
S2899,2024-03-21,CSE101,64.2,4,1
S2899,2024-09-17,MTH101,57.25,4,1
S2899,2025-03-16,PHY101,76.97,4,1
S2899,2025-09-12,ENG101,64.88,4,1
S2900,2024-03-21,CSE101,81.24,4,1
S2900,2024-09-17,MTH101,76.85,4,1
S2900,2025-03-16,PHY101,58.57,4,1
S2900,2025-09-12,ENG101,84.01,4,1
S2901,2024-03-21,CSE101,77.4,4,1
S2901,2024-09-17,MTH101,66.02,4,1
S2901,2025-03-16,PHY101,69.8,4,1
S2901,2025-09-12,ENG101,58.51,4,1
S2902,2024-03-21,CSE101,63.73,4,1
S2902,2024-09-17,MTH101,58.6,4,1
S2902,2025-03-16,PHY101,79.21,4,1
S2902,2025-09-12,ENG101,64.87,4,1
S2903,2024-03-21,CSE101,67.61,4,1
S2903,2024-09-17,MTH101,74.1,4,1
S2903,2025-03-16,PHY101,54.31,4,1
S2903,2025-09-12,ENG101,65.41,4,1
S2904,2024-03-21,CSE101,60.71,4,1
S2904,2024-09-17,MTH101,61.44,4,1
S2904,2025-03-16,PHY101,60.0,4,1
S2904,2025-09-12,ENG101,67.31,4,1
S2905,2024-03-21,CSE101,48.6,4,1
S2905,2024-09-17,MTH101,60.83,4,1
S2905,2025-03-16,PHY101,49.07,4,1
S2905,2025-09-12,ENG101,67.98,4,1
S2906,2024-03-21,CSE101,83.67,4,1
S2906,2024-09-17,MTH101,77.77,4,1
S2906,2025-03-16,PHY101,85.1,4,1
S2906,2025-09-12,ENG101,41.27,4,1
S2907,2024-03-21,CSE101,63.78,4,1
S2907,2024-09-17,MTH101,64.62,4,1
S2907,2025-03-16,PHY101,93.95,4,1
S2907,2025-09-12,ENG101,62.61,4,1
S2908,2024-03-21,CSE101,69.89,4,1
S2908,2024-09-17,MTH101,76.24,4,1
S2908,2025-03-16,PHY101,75.0,4,1
S2908,2025-09-12,ENG101,82.97,4,1
S2909,2024-03-21,CSE101,59.63,4,1
S2909,2024-09-17,MTH101,78.18,4,1
S2909,2025-03-16,PHY101,75.84,4,1
S2909,2025-09-12,ENG101,64.87,4,1
S2910,2024-03-21,CSE101,73.23,4,1
S2910,2024-09-17,MTH101,75.91,4,1
S2910,2025-03-16,PHY101,69.62,4,1
S2910,2025-09-12,ENG101,83.76,4,1
S2911,2024-03-21,CSE101,80.66,4,1
S2911,2024-09-17,MTH101,74.49,4,1
S2911,2025-03-16,PHY101,48.92,4,1
S2911,2025-09-12,ENG101,70.31,4,1
S2912,2024-03-21,CSE101,80.99,4,1
S2912,2024-09-17,MTH101,63.13,4,1
S2912,2025-03-16,PHY101,72.17,4,1
S2912,2025-09-12,ENG101,82.66,4,1
S2913,2024-03-21,CSE101,51.82,4,1
S2913,2024-09-17,MTH101,70.25,4,1
S2913,2025-03-16,PHY101,56.15,4,1
S2913,2025-09-12,ENG101,75.79,4,1
S2914,2024-03-21,CSE101,67.95,4,1
S2914,2024-09-17,MTH101,82.13,4,1
S2914,2025-03-16,PHY101,74.52,4,1
S2914,2025-09-12,ENG101,59.8,4,1
S2915,2024-03-21,CSE101,65.16,4,1
S2915,2024-09-17,MTH101,70.09,4,1
S2915,2025-03-16,PHY101,57.59,4,1
S2915,2025-09-12,ENG101,70.66,4,1
S2916,2024-03-21,CSE101,73.34,4,1
S2916,2024-09-17,MTH101,64.41,4,1
S2916,2025-03-16,PHY101,86.39,4,1
S2916,2025-09-12,ENG101,44.95,4,1
S2917,2024-03-21,CSE101,74.69,4,1
S2917,2024-09-17,MTH101,84.05,4,1
S2917,2025-03-16,PHY101,61.57,4,1
S2917,2025-09-12,ENG101,65.68,4,1
S2918,2024-03-21,CSE101,74.46,4,1
S2918,2024-09-17,MTH101,57.92,4,1
S2918,2025-03-16,PHY101,70.46,4,1
S2918,2025-09-12,ENG101,58.47,4,1
S2919,2024-03-21,CSE101,66.11,4,1
S2919,2024-09-17,MTH101,65.55,4,1
S2919,2025-03-16,PHY101,59.2,4,1
S2919,2025-09-12,ENG101,57.76,4,1
S2920,2024-03-21,CSE101,95.22,4,1
S2920,2024-09-17,MTH101,90.68,4,1
S2920,2025-03-16,PHY101,87.27,4,1
S2920,2025-09-12,ENG101,98.7,4,1
S2921,2024-03-21,CSE101,72.54,4,1
S2921,2024-09-17,MTH101,64.49,4,1
S2921,2025-03-16,PHY101,61.76,4,1
S2921,2025-09-12,ENG101,57.99,4,1
S2922,2024-03-21,CSE101,44.93,4,1
S2922,2024-09-17,MTH101,69.0,4,1
S2922,2025-03-16,PHY101,63.88,4,1
S2922,2025-09-12,ENG101,65.3,4,1
S2923,2024-03-21,CSE101,89.21,4,1
S2923,2024-09-17,MTH101,68.87,4,1
S2923,2025-03-16,PHY101,81.13,4,1
S2923,2025-09-12,ENG101,56.4,4,1
S2924,2024-03-21,CSE101,66.89,4,1
S2924,2024-09-17,MTH101,54.79,4,1
S2924,2025-03-16,PHY101,46.15,4,1
S2924,2025-09-12,ENG101,72.69,4,1
S2925,2024-03-21,CSE101,43.49,4,1
S2925,2024-09-17,MTH101,40.7,4,1
S2925,2025-03-16,PHY101,69.79,4,1
S2925,2025-09-12,ENG101,66.03,4,1
S2926,2024-03-21,CSE101,71.13,4,1
S2926,2024-09-17,MTH101,54.56,4,1
S2926,2025-03-16,PHY101,70.09,4,1
S2926,2025-09-12,ENG101,56.59,4,1
S2927,2024-03-21,CSE101,64.65,4,1
S2927,2024-09-17,MTH101,78.34,4,1
S2927,2025-03-16,PHY101,70.81,4,1
S2927,2025-09-12,ENG101,77.59,4,1
S2928,2024-03-21,CSE101,55.39,4,1
S2928,2024-09-17,MTH101,68.13,4,1
S2928,2025-03-16,PHY101,75.16,4,1
S2928,2025-09-12,ENG101,60.05,4,1
S2929,2024-03-21,CSE101,66.83,4,1
S2929,2024-09-17,MTH101,59.01,4,1
S2929,2025-03-16,PHY101,50.71,4,1
S2929,2025-09-12,ENG101,73.15,4,1
S2930,2024-03-21,CSE101,89.17,4,1
S2930,2024-09-17,MTH101,68.79,4,1
S2930,2025-03-16,PHY101,62.3,4,1
S2930,2025-09-12,ENG101,70.73,4,1
S2931,2024-03-21,CSE101,57.63,4,1
S2931,2024-09-17,MTH101,72.12,4,1
S2931,2025-03-16,PHY101,79.94,4,1
S2931,2025-09-12,ENG101,66.61,4,1
S2932,2024-03-21,CSE101,86.83,4,1
S2932,2024-09-17,MTH101,82.08,4,1
S2932,2025-03-16,PHY101,58.43,4,1
S2932,2025-09-12,ENG101,47.68,4,1
S2933,2024-03-21,CSE101,72.05,4,1
S2933,2024-09-17,MTH101,63.33,4,1
S2933,2025-03-16,PHY101,80.22,4,1
S2933,2025-09-12,ENG101,80.33,4,1
S2934,2024-03-21,CSE101,55.43,4,1
S2934,2024-09-17,MTH101,61.31,4,1
S2934,2025-03-16,PHY101,52.19,4,1
S2934,2025-09-12,ENG101,68.92,4,1
S2935,2024-03-21,CSE101,81.48,4,1
S2935,2024-09-17,MTH101,71.4,4,1
S2935,2025-03-16,PHY101,58.67,4,1
S2935,2025-09-12,ENG101,57.48,4,1
S2936,2024-03-21,CSE101,56.2,4,1
S2936,2024-09-17,MTH101,83.41,4,1
S2936,2025-03-16,PHY101,50.89,4,1
S2936,2025-09-12,ENG101,77.13,4,1
S2937,2024-03-21,CSE101,48.15,4,1
S2937,2024-09-17,MTH101,53.4,4,1
S2937,2025-03-16,PHY101,75.16,4,1
S2937,2025-09-12,ENG101,70.3,4,1
S2938,2024-03-21,CSE101,80.84,4,1
S2938,2024-09-17,MTH101,53.85,4,1
S2938,2025-03-16,PHY101,79.55,4,1
S2938,2025-09-12,ENG101,81.35,4,1
S2939,2024-03-21,CSE101,63.54,4,1
S2939,2024-09-17,MTH101,70.24,4,1
S2939,2025-03-16,PHY101,62.43,4,1
S2939,2025-09-12,ENG101,72.9,4,1
S2940,2024-03-21,CSE101,67.14,4,1
S2940,2024-09-17,MTH101,37.55,4,0
S2940,2025-03-16,PHY101,66.82,4,1
S2940,2025-09-12,ENG101,54.54,4,1
S2941,2024-03-21,CSE101,63.45,4,1
S2941,2024-09-17,MTH101,50.61,4,1
S2941,2025-03-16,PHY101,55.4,4,1
S2941,2025-09-12,ENG101,58.95,4,1
S2942,2024-03-21,CSE101,77.95,4,1
S2942,2024-09-17,MTH101,61.86,4,1
S2942,2025-03-16,PHY101,71.16,4,1
S2942,2025-09-12,ENG101,68.43,4,1
S2943,2024-03-21,CSE101,62.91,4,1
S2943,2024-09-17,MTH101,72.14,4,1
S2943,2025-03-16,PHY101,79.24,4,1
S2943,2025-09-12,ENG101,68.87,4,1
S2944,2024-03-21,CSE101,40.93,4,1
S2944,2024-09-17,MTH101,46.16,4,1
S2944,2025-03-16,PHY101,69.87,4,1
S2944,2025-09-12,ENG101,85.57,4,1
S2945,2024-03-21,CSE101,51.43,4,1
S2945,2024-09-17,MTH101,66.07,4,1
S2945,2025-03-16,PHY101,61.43,4,1
S2945,2025-09-12,ENG101,53.29,4,1
S2946,2024-03-21,CSE101,67.72,4,1
S2946,2024-09-17,MTH101,72.76,4,1
S2946,2025-03-16,PHY101,56.21,4,1
S2946,2025-09-12,ENG101,56.66,4,1
S2947,2024-03-21,CSE101,60.33,4,1
S2947,2024-09-17,MTH101,71.22,4,1
S2947,2025-03-16,PHY101,71.27,4,1
S2947,2025-09-12,ENG101,67.24,4,1
S2948,2024-03-21,CSE101,78.96,4,1
S2948,2024-09-17,MTH101,77.58,4,1
S2948,2025-03-16,PHY101,52.42,4,1
S2948,2025-09-12,ENG101,65.56,4,1
S2949,2024-03-21,CSE101,81.27,4,1
S2949,2024-09-17,MTH101,86.85,4,1
S2949,2025-03-16,PHY101,69.47,4,1
S2949,2025-09-12,ENG101,77.03,4,1
S2950,2024-03-21,CSE101,64.19,4,1
S2950,2024-09-17,MTH101,71.02,4,1
S2950,2025-03-16,PHY101,54.37,4,1
S2950,2025-09-12,ENG101,66.15,4,1
S2951,2024-03-21,CSE101,68.26,4,1
S2951,2024-09-17,MTH101,85.86,4,1
S2951,2025-03-16,PHY101,73.6,4,1
S2951,2025-09-12,ENG101,76.31,4,1
S2952,2024-03-21,CSE101,69.69,4,1
S2952,2024-09-17,MTH101,64.64,4,1
S2952,2025-03-16,PHY101,66.61,4,1
S2952,2025-09-12,ENG101,74.99,4,1
S2953,2024-03-21,CSE101,68.93,4,1
S2953,2024-09-17,MTH101,77.92,4,1
S2953,2025-03-16,PHY101,79.06,4,1
S2953,2025-09-12,ENG101,69.69,4,1
S2954,2024-03-21,CSE101,81.26,4,1
S2954,2024-09-17,MTH101,67.38,4,1
S2954,2025-03-16,PHY101,68.0,4,1
S2954,2025-09-12,ENG101,75.54,4,1
S2955,2024-03-21,CSE101,66.25,4,1
S2955,2024-09-17,MTH101,66.39,4,1
S2955,2025-03-16,PHY101,63.11,4,1
S2955,2025-09-12,ENG101,65.03,4,1
S2956,2024-03-21,CSE101,63.44,4,1
S2956,2024-09-17,MTH101,66.04,4,1
S2956,2025-03-16,PHY101,44.35,4,1
S2956,2025-09-12,ENG101,67.68,4,1
S2957,2024-03-21,CSE101,58.15,4,1
S2957,2024-09-17,MTH101,63.4,4,1
S2957,2025-03-16,PHY101,48.94,4,1
S2957,2025-09-12,ENG101,60.93,4,1
S2958,2024-03-21,CSE101,68.36,4,1
S2958,2024-09-17,MTH101,71.92,4,1
S2958,2025-03-16,PHY101,74.48,4,1
S2958,2025-09-12,ENG101,79.21,4,1
S2959,2024-03-21,CSE101,74.76,4,1
S2959,2024-09-17,MTH101,59.34,4,1
S2959,2025-03-16,PHY101,62.0,4,1
S2959,2025-09-12,ENG101,77.35,4,1
S2960,2024-03-21,CSE101,70.02,4,1
S2960,2024-09-17,MTH101,73.27,4,1
S2960,2025-03-16,PHY101,59.82,4,1
S2960,2025-09-12,ENG101,46.74,4,1
S2961,2024-03-21,CSE101,61.23,4,1
S2961,2024-09-17,MTH101,67.46,4,1
S2961,2025-03-16,PHY101,84.09,4,1
S2961,2025-09-12,ENG101,62.6,4,1
S2962,2024-03-21,CSE101,62.11,4,1
S2962,2024-09-17,MTH101,59.31,4,1
S2962,2025-03-16,PHY101,62.55,4,1
S2962,2025-09-12,ENG101,88.07,4,1
S2963,2024-03-21,CSE101,72.36,4,1
S2963,2024-09-17,MTH101,62.6,4,1
S2963,2025-03-16,PHY101,62.79,4,1
S2963,2025-09-12,ENG101,63.5,4,1
S2964,2024-03-21,CSE101,100.0,4,1
S2964,2024-09-17,MTH101,42.55,4,1
S2964,2025-03-16,PHY101,55.04,4,1
S2964,2025-09-12,ENG101,40.84,4,1
S2965,2024-03-21,CSE101,76.45,4,1
S2965,2024-09-17,MTH101,69.19,4,1
S2965,2025-03-16,PHY101,76.71,4,1
S2965,2025-09-12,ENG101,100.0,4,1
S2966,2024-03-21,CSE101,86.31,4,1
S2966,2024-09-17,MTH101,99.18,4,1
S2966,2025-03-16,PHY101,76.48,4,1
S2966,2025-09-12,ENG101,91.78,4,1
S2967,2024-03-21,CSE101,56.7,4,1
S2967,2024-09-17,MTH101,67.71,4,1
S2967,2025-03-16,PHY101,66.3,4,1
S2967,2025-09-12,ENG101,75.11,4,1
S2968,2024-03-21,CSE101,69.11,4,1
S2968,2024-09-17,MTH101,65.51,4,1
S2968,2025-03-16,PHY101,69.28,4,1
S2968,2025-09-12,ENG101,67.23,4,1
S2969,2024-03-21,CSE101,55.15,4,1
S2969,2024-09-17,MTH101,70.53,4,1
S2969,2025-03-16,PHY101,68.26,4,1
S2969,2025-09-12,ENG101,80.3,4,1
S2970,2024-03-21,CSE101,60.68,4,1
S2970,2024-09-17,MTH101,85.16,4,1
S2970,2025-03-16,PHY101,68.94,4,1
S2970,2025-09-12,ENG101,71.52,4,1
S2971,2024-03-21,CSE101,69.47,4,1
S2971,2024-09-17,MTH101,75.13,4,1
S2971,2025-03-16,PHY101,72.93,4,1
S2971,2025-09-12,ENG101,77.01,4,1
S2972,2024-03-21,CSE101,93.28,4,1
S2972,2024-09-17,MTH101,70.22,4,1
S2972,2025-03-16,PHY101,69.39,4,1
S2972,2025-09-12,ENG101,67.15,4,1
S2973,2024-03-21,CSE101,51.23,4,1
S2973,2024-09-17,MTH101,77.89,4,1
S2973,2025-03-16,PHY101,61.85,4,1
S2973,2025-09-12,ENG101,54.74,4,1
S2974,2024-03-21,CSE101,70.87,4,1
S2974,2024-09-17,MTH101,72.04,4,1
S2974,2025-03-16,PHY101,65.94,4,1
S2974,2025-09-12,ENG101,86.02,4,1
S2975,2024-03-21,CSE101,74.47,4,1
S2975,2024-09-17,MTH101,94.08,4,1
S2975,2025-03-16,PHY101,74.94,4,1
S2975,2025-09-12,ENG101,54.88,4,1
S2976,2024-03-21,CSE101,66.77,4,1
S2976,2024-09-17,MTH101,53.0,4,1
S2976,2025-03-16,PHY101,67.12,4,1
S2976,2025-09-12,ENG101,68.8,4,1
S2977,2024-03-21,CSE101,75.7,4,1
S2977,2024-09-17,MTH101,71.15,4,1
S2977,2025-03-16,PHY101,91.92,4,1
S2977,2025-09-12,ENG101,81.09,4,1
S2978,2024-03-21,CSE101,57.8,4,1
S2978,2024-09-17,MTH101,68.01,4,1
S2978,2025-03-16,PHY101,69.25,4,1
S2978,2025-09-12,ENG101,56.41,4,1
S2979,2024-03-21,CSE101,60.0,4,1
S2979,2024-09-17,MTH101,73.45,4,1
S2979,2025-03-16,PHY101,88.03,4,1
S2979,2025-09-12,ENG101,74.68,4,1
S2980,2024-03-21,CSE101,63.91,4,1
S2980,2024-09-17,MTH101,58.31,4,1
S2980,2025-03-16,PHY101,60.17,4,1
S2980,2025-09-12,ENG101,74.43,4,1
S2981,2024-03-21,CSE101,70.86,4,1
S2981,2024-09-17,MTH101,79.62,4,1
S2981,2025-03-16,PHY101,66.56,4,1
S2981,2025-09-12,ENG101,79.8,4,1
S2982,2024-03-21,CSE101,64.98,4,1
S2982,2024-09-17,MTH101,55.41,4,1
S2982,2025-03-16,PHY101,81.62,4,1
S2982,2025-09-12,ENG101,66.85,4,1
S2983,2024-03-21,CSE101,64.08,4,1
S2983,2024-09-17,MTH101,45.77,4,1
S2983,2025-03-16,PHY101,53.34,4,1
S2983,2025-09-12,ENG101,56.52,4,1
S2984,2024-03-21,CSE101,74.43,4,1
S2984,2024-09-17,MTH101,60.25,4,1
S2984,2025-03-16,PHY101,50.82,4,1
S2984,2025-09-12,ENG101,56.43,4,1
S2985,2024-03-21,CSE101,69.18,4,1
S2985,2024-09-17,MTH101,63.33,4,1
S2985,2025-03-16,PHY101,62.56,4,1
S2985,2025-09-12,ENG101,73.09,4,1
S2986,2024-03-21,CSE101,83.21,4,1
S2986,2024-09-17,MTH101,64.88,4,1
S2986,2025-03-16,PHY101,70.73,4,1
S2986,2025-09-12,ENG101,84.34,4,1
S2987,2024-03-21,CSE101,84.17,4,1
S2987,2024-09-17,MTH101,79.97,4,1
S2987,2025-03-16,PHY101,61.77,4,1
S2987,2025-09-12,ENG101,69.32,4,1
S2988,2024-03-21,CSE101,46.31,4,1
S2988,2024-09-17,MTH101,73.18,4,1
S2988,2025-03-16,PHY101,80.31,4,1
S2988,2025-09-12,ENG101,59.6,4,1
S2989,2024-03-21,CSE101,69.47,4,1
S2989,2024-09-17,MTH101,63.93,4,1
S2989,2025-03-16,PHY101,71.6,4,1
S2989,2025-09-12,ENG101,58.98,4,1
S2990,2024-03-21,CSE101,58.03,4,1
S2990,2024-09-17,MTH101,70.65,4,1
S2990,2025-03-16,PHY101,61.34,4,1
S2990,2025-09-12,ENG101,70.34,4,1
S2991,2024-03-21,CSE101,66.85,4,1
S2991,2024-09-17,MTH101,69.06,4,1
S2991,2025-03-16,PHY101,48.91,4,1
S2991,2025-09-12,ENG101,53.75,4,1
S2992,2024-03-21,CSE101,53.52,4,1
S2992,2024-09-17,MTH101,76.04,4,1
S2992,2025-03-16,PHY101,71.36,4,1
S2992,2025-09-12,ENG101,54.4,4,1
S2993,2024-03-21,CSE101,67.38,4,1
S2993,2024-09-17,MTH101,56.56,4,1
S2993,2025-03-16,PHY101,61.26,4,1
S2993,2025-09-12,ENG101,64.66,4,1
S2994,2024-03-21,CSE101,41.74,4,1
S2994,2024-09-17,MTH101,73.07,4,1
S2994,2025-03-16,PHY101,53.71,4,1
S2994,2025-09-12,ENG101,60.49,4,1
S2995,2024-03-21,CSE101,69.29,4,1
S2995,2024-09-17,MTH101,90.55,4,1
S2995,2025-03-16,PHY101,60.37,4,1
S2995,2025-09-12,ENG101,80.33,4,1
S2996,2024-03-21,CSE101,58.07,4,1
S2996,2024-09-17,MTH101,74.46,4,1
S2996,2025-03-16,PHY101,61.53,4,1
S2996,2025-09-12,ENG101,70.57,4,1
S2997,2024-03-21,CSE101,56.02,4,1
S2997,2024-09-17,MTH101,53.35,4,1
S2997,2025-03-16,PHY101,68.27,4,1
S2997,2025-09-12,ENG101,66.47,4,1
S2998,2024-03-21,CSE101,68.77,4,1
S2998,2024-09-17,MTH101,51.57,4,1
S2998,2025-03-16,PHY101,56.43,4,1
S2998,2025-09-12,ENG101,62.9,4,1
S2999,2024-03-21,CSE101,71.93,4,1
S2999,2024-09-17,MTH101,71.26,4,1
S2999,2025-03-16,PHY101,64.73,4,1
S2999,2025-09-12,ENG101,72.99,4,1
